500
6 6110
37 5914
67 8159
117 2372
128 4273
157 5450
161 4724
198 4627
461 2653
467 6993
504 3248
519 4829
520 9133
538 5945
543 122
544 6886
550 4133
558 9224
570 6192
591 8379
593 4633
594 8989
604 5274
609 1786
614 1619
624 3739
682 7591
686 9091
713 467
722 9522
728 4361
737 3687
738 3829
762 7579
766 9707
783 5849
786 4453
787 4382
793 9089
816 4577
837 2880
848 5943
857 3192
858 2115
862 1242
874 8883
896 284
916 236
923 1106
939 8249
941 5787
968 4444
972 8101
984 6868
1001 6357
1053 2531
1085 4130
1094 1274
1096 6836
1096 8113
1121 7905
1136 4593
1143 2624
1151 8302
1193 2984
1210 7449
1233 2879
1249 2058
1270 2646
1297 1196
1302 5538
1305 2729
1324 3373
1342 876
1369 7021
1375 4067
1393 3280
1396 1841
1434 5530
1447 2136
1450 6014
1498 3266
1505 9893
1541 8205
1557 351
1571 8710
1588 7738
1593 804
1616 6103
1643 6306
1656 1105
1668 3578
1683 3461
1720 7933
1764 4560
1770 6768
1824 1570
1827 8134
1834 9303
1898 382
1918 4736
1967 1737
1970 8338
1977 2694
1992 8047
2026 8206
2079 2030
2124 9769
2131 3222
2163 5126
2249 701
2253 1458
2267 6642
2278 6661
2280 5047
2305 9934
2342 2978
2345 6340
2401 4409
2405 6903
2411 4844
2417 5768
2450 6167
2454 6183
2462 6950
2500 1425
2510 7617
2511 6795
2543 600
2559 2879
2563 2184
2613 541
2635 4959
2647 3533
2655 9439
2682 4704
2683 7846
2704 4822
2705 3448
2707 7538
2715 1218
2752 8696
2755 1135
2757 2390
2776 7956
2802 8536
2830 267
2837 6303
2847 3943
2883 8780
2889 8121
2898 1019
2915 3851
2927 2943
2930 986
2967 6409
3000 63
3024 6901
3036 2890
3045 3617
3054 975
3075 1693
3099 2278
3117 2060
3117 5938
3117 8847
3148 278
3158 2601
3158 8295
3178 8879
3183 9338
3186 6656
3194 8155
3241 945
3274 4258
3285 3937
3311 9699
3322 4545
3323 3315
3327 595
3333 8676
3358 468
3363 8687
3388 3498
3389 2630
3408 9419
3432 1671
3485 2192
3490 2099
3509 408
3527 7795
3538 8741
3547 4670
3603 6192
3650 9915
3664 2688
3676 7274
3702 1210
3729 9096
3762 415
3786 1169
3814 3853
3830 1658
3842 7790
3854 5194
3855 2593
3859 5034
3878 5612
3880 7781
3895 5733
3896 9852
3902 5539
3912 4011
3977 1241
3985 8992
4016 2405
4043 8496
4068 1551
4141 5866
4210 639
4214 3273
4223 5361
4230 6091
4236 2634
4268 1569
4311 6630
4344 7628
4407 4785
4413 2241
4446 6357
4470 3847
4481 5454
4483 5864
4499 3374
4546 5311
4566 1148
4604 9712
4629 6791
4656 5701
4661 6684
4687 8730
4690 7141
4710 4098
4731 2552
4732 468
4732 8508
4803 2709
4827 4046
4828 6563
4938 4516
4952 3839
4966 5468
4980 5638
4982 9793
5008 9025
5114 81
5128 2128
5138 3187
5166 5995
5169 4304
5178 9253
5197 6458
5220 9044
5255 9915
5293 6117
5308 9606
5330 5709
5337 5866
5348 2203
5439 659
5491 5043
5527 5288
5534 2823
5579 2290
5590 2151
5632 1858
5658 9561
5661 7459
5689 8290
5695 5883
5773 4966
5800 423
5808 4815
5830 3030
5858 8488
5887 8944
5939 2348
5944 3629
5949 841
5965 7386
5985 5040
6007 8647
6062 6471
6068 7921
6073 4503
6075 729
6082 7055
6091 8316
6114 554
6114 4144
6117 7049
6127 7218
6142 2474
6155 7088
6170 6227
6171 3649
6190 4319
6202 9251
6210 9352
6224 8747
6228 4383
6254 3263
6275 6103
6276 8536
6302 8157
6308 5194
6316 6239
6333 2037
6363 9317
6377 4689
6398 2192
6456 7000
6459 2492
6473 7940
6485 8824
6510 9288
6535 1022
6541 9533
6546 399
6548 3993
6573 1291
6607 6255
6716 8818
6777 6889
6834 7570
6876 8755
6902 384
6905 6501
6907 7648
6931 7461
6941 8425
6945 5766
6952 5733
6964 4347
6987 4294
7008 3697
7012 5325
7017 4150
7024 494
7039 2702
7044 8428
7064 1226
7075 1900
7086 8532
7087 2657
7091 2173
7092 5331
7102 1741
7110 5817
7127 9022
7164 3685
7198 2552
7201 60
7232 3665
7234 2832
7283 716
7288 7000
7295 5728
7300 5698
7326 7320
7331 7874
7360 5088
7361 8542
7386 2357
7429 847
7486 4499
7488 6251
7510 2971
7544 6209
7551 4912
7590 5362
7604 6014
7620 4202
7648 6883
7683 4963
7708 9194
7774 4744
7779 4013
7800 7743
7810 9052
7815 143
7819 4259
7826 2868
7871 5253
7874 3668
7911 9975
7916 2502
7944 2356
7953 7499
7956 514
7968 3038
8027 1521
8027 1970
8061 4152
8074 5564
8075 841
8102 788
8109 9369
8111 3149
8144 1688
8162 1968
8176 8164
8193 7274
8203 8979
8206 7634
8222 9872
8229 8425
8240 7726
8270 7535
8287 6187
8293 5138
8303 3077
8311 6610
8329 4398
8337 5022
8375 7533
8380 2546
8410 7139
8416 7200
8445 4435
8447 1673
8460 2594
8461 1688
8508 8624
8521 275
8526 2602
8527 9463
8573 632
8589 2252
8593 3995
8634 2670
8647 6543
8717 737
8722 1487
8724 6059
8744 5247
8798 4341
8801 5417
8853 9522
8864 9229
8872 2012
8888 3509
8912 3052
8916 9817
8945 2352
9073 3094
9112 2146
9123 3218
9150 760
9158 1155
9199 6730
9214 7309
9221 4262
9236 7832
9310 6981
9400 4165
9436 1304
9445 954
9479 4673
9482 2584
9542 3368
9556 3281
9583 8534
9594 7256
9612 402
9622 4384
9623 6078
9635 9906
9651 6072
9668 4787
9713 1947
9730 7637
9736 7094
9742 6600
9747 7140
9760 493
9777 7247
9777 9401
9783 4965
9784 914
9806 5362
9843 5801
9851 5877
9853 1183
9860 2689
9870 2830
9915 9074
9937 5524
9975 9647
9996 1416
-1
