10000
0 2093
0 6264
1 3117
2 1704
2 2645
2 7550
3 4648
4 876
4 6755
4 7017
4 7169
6 3361
6 7618
7 7142
10 4503
10 8273
13 4455
15 1625
15 6434
15 8091
16 7680
19 7793
20 7
22 6534
22 8319
24 1130
24 9613
25 60
26 9229
27 7264
29 696
30 8781
32 1309
32 9690
33 5722
34 2517
34 9646
35 5256
37 5947
38 7875
38 9820
39 4602
41 2249
41 6708
42 1467
42 8663
44 1006
44 2275
44 3535
45 8844
46 1950
46 6271
46 7941
46 8846
47 9798
49 3499
50 826
50 7859
51 3950
52 847
52 2792
52 3843
54 173
54 272
54 3417
55 5702
57 2044
57 5738
58 6438
61 1003
62 2942
63 2076
63 7477
68 3426
69 2892
71 7118
72 52
72 8612
75 5828
75 5854
79 8487
79 9945
80 6436
81 3703
81 5119
81 9368
83 2533
85 7184
85 8417
86 4575
86 8845
87 9323
92 7370
92 7456
93 6728
95 1860
95 2314
95 4701
96 825
96 7897
96 7913
98 6533
98 8863
99 6859
101 7188
105 7342
107 9753
111 4581
111 6591
113 6559
114 1016
115 187
115 4605
118 797
118 5427
119 7926
119 7929
120 6736
121 8530
121 9836
123 5768
124 3762
124 7616
127 2334
129 2619
129 6739
130 8614
131 869
131 9616
135 3867
135 6738
136 8169
137 9635
138 3722
140 5356
141 5014
141 6890
142 5045
145 3724
145 5875
145 9334
150 139
150 720
150 1377
151 781
151 2811
151 6597
151 9058
152 7269
153 58
153 2863
154 3523
155 1337
156 8584
160 5696
161 2536
162 746
162 8801
164 6125
167 365
168 8643
168 9815
169 8107
172 6176
174 6847
175 2144
175 3825
175 4337
176 2675
176 3033
177 8801
177 8836
182 6867
186 9388
187 1539
190 8660
192 6188
192 6513
194 1388
194 2423
196 9868
198 6033
198 6366
198 8404
199 5769
201 7198
202 6907
202 8089
203 2369
203 6352
206 1013
206 4626
206 4627
207 3031
207 4991
208 4039
208 4140
209 3378
209 5341
209 7269
210 597
211 5111
212 7817
214 4185
218 5453
218 6565
219 2438
219 5305
219 9572
220 8596
222 2841
224 1732
224 3583
224 7687
225 690
226 3697
226 7514
227 7049
228 2177
229 3694
229 9416
230 3756
230 8430
231 6101
232 984
232 9566
233 7589
235 998
236 7673
237 577
237 6546
239 4478
239 4578
242 9524
245 3046
245 5661
246 3210
248 5056
250 1480
250 3714
250 4739
253 2133
254 345
257 8658
258 3627
258 9006
259 2032
260 5545
261 3347
262 5346
263 9316
264 7954
265 5574
266 397
266 6565
268 1979
268 3726
269 3709
270 8352
272 1367
272 8923
273 8477
276 5146
276 7538
278 57
278 6889
278 9341
279 3317
280 4523
280 4700
280 9512
281 689
283 4291
283 8919
285 618
287 3803
288 8019
290 9003
292 762
294 3480
294 7114
294 8688
295 7672
296 354
297 6782
298 7112
301 1931
301 2011
301 8792
303 4680
303 9601
304 323
304 1454
304 1461
304 8329
304 9941
306 2211
307 420
308 7768
310 4503
311 1339
311 7543
311 7984
312 2015
312 6602
313 2757
314 6085
318 166
319 7923
320 7830
321 1701
322 502
322 703
325 1136
325 3698
325 6139
326 9133
328 3847
328 6779
328 7573
329 1101
329 2735
330 559
331 6231
331 8862
332 4863
333 1990
333 3118
333 6433
333 7337
334 7532
334 8565
335 474
336 9372
337 2621
337 5576
339 9169
340 2289
340 6548
341 1796
341 3585
341 6717
341 7063
344 8045
345 760
345 3810
347 7218
347 8548
348 6641
349 3768
350 4121
351 308
352 134
352 350
352 3708
353 2477
357 6140
357 7360
358 6540
358 9314
359 3230
361 437
361 864
361 2591
361 5219
362 5022
362 7521
363 4555
363 8652
365 9130
366 5351
366 8282
367 679
367 1950
369 8856
370 51
370 9036
371 1845
371 3442
373 6536
374 6580
374 7892
375 7064
376 1839
376 7251
376 8128
376 9683
378 5188
379 1785
380 2115
380 9237
381 33
381 2932
383 503
386 8507
386 8873
387 2378
387 6566
389 3000
389 9529
390 4167
390 4908
390 5463
391 194
391 4386
396 686
396 8975
397 1499
398 9724
399 4306
399 8862
400 4412
401 3953
401 6484
406 4550
407 3277
407 7251
408 4604
408 7059
411 7968
412 5862
414 7614
414 8913
417 4474
418 3820
418 3883
419 7122
420 8660
421 5896
421 8646
421 9929
422 1744
422 6562
422 8592
422 9458
423 3137
424 6964
425 8179
426 9394
427 6618
428 1766
431 1274
431 2905
433 4097
433 5686
435 2463
435 4497
435 9208
436 2442
437 3371
437 9723
438 2397
439 3537
440 8050
441 8489
442 7368
446 1748
446 7620
446 9855
447 638
447 2528
448 8913
451 4395
452 1602
453 1996
453 9117
454 2057
456 7408
459 1732
459 2560
460 138
460 654
461 166
461 253
462 4846
462 4896
463 2641
464 4851
467 610
467 751
467 1618
468 526
470 4438
470 5043
470 7436
471 3905
471 4749
472 9164
473 275
473 4304
474 3924
477 7873
477 9356
477 9787
478 3829
482 1725
482 4374
483 1615
485 9278
486 7894
487 9305
489 9931
492 545
492 5901
493 6505
495 1019
495 7022
497 898
498 6009
498 8865
499 7971
501 8211
502 4708
502 7778
503 3594
503 6910
505 1856
505 2089
506 6994
507 4751
507 8526
509 824
511 1901
512 104
512 2599
512 5426
512 6369
513 4385
514 1318
514 5157
516 821
516 2091
519 6549
520 1021
521 1845
521 5986
523 6158
523 7259
524 2000
525 2748
526 4501
527 2474
527 8739
528 9171
533 7916
535 3238
535 3583
535 9930
538 6371
539 395
539 7665
539 8053
540 1989
543 4385
545 8307
546 4811
547 3209
547 5758
549 8696
549 9730
550 97
551 379
551 3262
551 7877
552 3301
553 2148
553 5782
553 6235
554 8042
556 889
558 8734
561 265
561 8942
565 550
565 7461
566 4
566 3071
567 8502
568 6294
568 9238
569 5519
573 3346
576 1100
577 7720
577 9405
578 7502
579 3383
580 9548
581 2189
581 3387
582 2187
582 7400
583 1210
585 2157
586 7119
586 8765
590 2751
590 3180
591 5906
591 9345
592 3991
592 7512
593 3475
594 2228
594 2745
594 7782
595 6241
595 9165
596 2744
596 4559
599 2499
600 4036
600 5861
600 9058
601 1756
602 2574
602 7504
603 4984
604 3257
608 136
608 2860
608 4719
608 6346
610 4283
610 9627
611 6210
613 2925
614 3147
615 3355
618 6021
619 2930
624 6152
626 2552
626 6278
627 9170
628 9367
629 1132
631 2602
632 1837
634 1220
634 4728
635 8848
637 6990
638 2116
640 193
640 5127
640 5706
641 7835
641 8259
644 5607
645 9222
646 6517
649 4071
649 8818
651 1866
652 4952
653 5644
654 4781
655 9030
657 4200
658 5339
659 3471
660 8984
662 1429
662 6481
663 6637
669 919
669 6758
669 7678
669 8369
670 2970
670 8520
671 8454
672 8107
673 5089
677 298
677 9539
678 2138
679 4195
681 5447
683 895
683 5673
684 6408
685 5067
686 3351
686 9819
688 5460
688 9243
689 4845
689 9414
691 7353
692 8472
694 8061
696 5702
697 7613
698 8
699 8809
701 6433
701 6613
701 9251
701 9370
702 7285
704 3821
704 7720
706 3634
706 5924
706 5978
707 300
708 7583
709 313
709 7029
710 8871
711 8496
713 8200
714 6014
714 6634
715 4104
720 5006
720 5899
721 1128
721 2179
721 6485
722 2574
723 475
723 8622
724 3921
726 328
729 134
730 1538
731 353
733 2576
734 4912
736 4336
736 4630
737 843
737 934
737 2594
739 7271
740 3116
741 5145
741 5675
741 7596
741 7908
741 8480
742 3
743 9325
744 7028
746 7660
746 7937
747 7864
748 6530
749 1318
749 1756
750 639
756 764
756 1986
756 6455
757 7511
759 7649
760 1723
761 2591
761 4107
762 1391
762 2994
763 5973
764 4783
764 4966
764 5286
765 5700
769 1637
770 1586
770 2914
770 4413
771 1412
772 1297
775 724
775 7139
778 5616
784 9136
785 5108
785 5732
788 808
788 1965
790 8215
791 235
795 1725
795 8470
796 5728
798 2781
800 327
801 8426
802 3185
804 2332
804 6158
804 6910
805 6226
806 5144
808 1581
808 3310
808 8732
811 9159
812 3506
814 8787
815 822
815 1827
815 5927
815 5979
815 9466
817 2490
817 5863
818 883
818 8674
819 9862
821 5993
822 8827
823 13
823 3184
823 5003
824 3511
825 9198
827 1334
827 2785
829 7812
830 9398
833 1068
834 5624
834 9385
835 9739
835 9963
837 2062
837 3636
839 888
839 2405
839 6415
841 560
842 443
842 1927
842 6928
843 8400
845 5049
847 3940
849 6057
851 450
851 8022
852 2141
852 2725
857 2735
860 3040
862 7808
862 9397
864 5541
865 448
865 8402
867 2127
868 6982
868 9880
869 2227
869 5775
870 3185
870 7621
870 8430
870 9933
874 1213
874 1763
876 1014
876 2834
878 1402
880 1321
880 7807
882 5521
882 7332
883 342
883 931
884 908
884 9923
886 549
886 4285
886 5298
887 1499
887 3212
888 7834
889 6796
892 9090
893 4225
893 9147
894 6135
894 8650
895 9871
896 6941
898 5401
898 7304
898 9317
900 1305
900 4171
901 1027
901 6254
902 2906
902 4989
902 6058
902 9686
903 6014
906 2845
906 2866
908 4460
909 2627
910 4402
911 9701
912 992
913 8709
913 9057
916 1421
917 213
921 279
921 8341
923 4028
925 7116
929 7468
930 892
932 5054
932 9273
933 2609
934 482
934 2947
935 545
936 7712
937 2246
937 5488
937 9272
938 3244
938 4884
938 6002
938 6552
942 2715
942 6596
943 7619
944 1611
945 4822
946 4824
947 4627
947 9348
951 1962
951 3596
951 4158
951 5362
951 7408
951 7540
955 576
957 5317
958 1726
958 1948
958 2622
959 3693
960 6167
961 4069
961 4145
962 1339
962 3332
964 633
964 849
964 969
965 6661
965 8899
967 323
967 2862
970 4603
972 420
972 2257
973 7297
974 586
975 1717
975 3115
976 1473
976 2291
978 2009
979 1063
979 4951
980 490
980 5302
981 4609
981 8018
982 4456
982 4910
984 1588
986 3270
986 5327
986 7072
988 1647
988 7224
989 9371
989 9642
990 6970
990 8033
991 5359
991 8034
992 8594
993 329
993 1734
994 2710
994 4177
995 4136
999 372
1000 3706
1001 4414
1001 6681
1002 9404
1003 1082
1005 6879
1005 9967
1006 9699
1007 1647
1008 8900
1009 753
1010 8362
1010 8548
1011 2818
1011 4284
1011 4548
1012 8717
1013 4141
1014 1674
1014 2658
1014 5196
1016 413
1016 1311
1017 3232
1017 4439
1018 204
1019 2016
1020 7183
1021 5303
1022 6569
1023 1658
1023 5879
1023 8397
1025 8599
1026 8874
1027 4831
1027 5112
1027 5827
1028 295
1028 2368
1028 4066
1028 4840
1029 1795
1030 4778
1031 712
1031 3066
1031 5920
1031 7855
1031 9546
1032 1359
1035 4787
1035 8650
1036 3217
1037 6125
1038 6608
1039 9011
1040 6706
1043 1802
1045 4903
1045 9374
1046 5886
1047 6237
1049 2478
1049 3606
1049 6676
1054 3393
1054 5652
1055 2984
1055 8833
1057 2600
1057 6185
1059 3517
1059 6027
1060 1838
1060 5084
1061 7190
1064 5779
1065 2172
1065 6364
1065 8658
1066 6472
1070 4124
1071 4546
1071 7022
1071 7231
1071 9423
1072 1330
1072 9544
1073 7612
1074 8082
1075 4705
1076 5639
1077 1871
1077 6956
1081 2317
1081 8770
1082 5069
1082 8593
1082 9405
1083 6719
1085 9458
1086 2368
1087 8371
1089 1849
1091 7147
1094 3920
1096 8885
1096 9398
1097 1555
1097 6214
1099 1218
1099 3956
1100 6261
1100 7589
1101 2869
1101 9538
1102 3799
1103 4278
1104 3228
1104 6164
1105 587
1106 1364
1106 9109
1107 1093
1107 1344
1107 5093
1107 5977
1107 9892
1108 4906
1108 6392
1110 5839
1110 7859
1111 9295
1112 8862
1114 733
1115 6475
1116 1355
1116 2016
1116 6603
1117 1722
1117 1847
1119 1277
1120 1219
1121 7043
1123 8332
1123 9298
1124 2266
1124 5201
1125 6096
1125 7224
1127 3977
1129 5410
1130 3308
1130 3340
1132 8970
1134 986
1135 7485
1136 518
1144 8839
1144 9415
1146 1922
1149 1695
1149 5599
1150 6721
1152 70
1152 3428
1152 8303
1152 9691
1154 7723
1154 8627
1156 327
1156 7663
1165 9643
1166 7335
1167 5959
1168 1827
1169 1031
1169 4655
1169 9054
1170 183
1170 2043
1172 527
1175 2140
1176 7908
1177 670
1178 4168
1181 2756
1181 7330
1182 129
1182 676
1183 4025
1184 7193
1184 7821
1185 237
1185 289
1185 1705
1185 1885
1185 8626
1191 4613
1192 5708
1193 7262
1194 8502
1196 3979
1196 8071
1198 1029
1198 1535
1201 8468
1202 5893
1203 5308
1206 1662
1206 6261
1206 6603
1208 7408
1212 5024
1214 510
1214 5028
1214 7981
1215 5865
1215 7447
1216 4050
1222 1910
1224 3979
1224 7824
1224 8096
1225 7174
1226 141
1227 582
1227 6598
1227 7016
1230 9168
1231 3495
1232 8985
1233 7207
1235 4022
1238 8177
1240 9626
1245 3390
1248 9811
1249 8305
1251 1450
1251 5211
1251 7608
1252 2720
1252 3382
1252 3773
1253 6591
1254 2356
1254 5718
1255 5576
1256 1044
1258 1887
1258 3495
1259 4181
1259 7284
1260 1404
1260 9855
1261 8385
1266 3373
1266 6943
1267 4714
1268 1035
1268 3575
1268 6302
1270 3271
1271 753
1271 6686
1272 3869
1272 5984
1275 7199
1277 4276
1277 4825
1277 8365
1278 6379
1279 9903
1281 6439
1283 342
1283 6754
1284 4626
1284 5034
1286 1382
1286 3147
1286 8823
1287 9807
1288 443
1288 8929
1288 9566
1289 159
1289 5708
1289 9928
1290 2743
1291 212
1291 2490
1295 858
1296 1540
1297 6122
1297 6212
1298 6955
1300 4628
1301 2153
1303 5253
1304 2584
1311 1083
1311 8216
1314 7790
1315 6176
1317 9110
1318 1467
1319 669
1319 4723
1319 6553
1320 5940
1323 1077
1323 4987
1323 9422
1324 1820
1324 7988
1325 2507
1325 7316
1328 4213
1328 9765
1331 153
1331 4026
1332 9588
1333 1637
1334 1656
1334 7072
1335 5645
1336 1171
1336 3456
1337 5667
1338 4887
1338 7216
1339 481
1340 2711
1340 5772
1340 8298
1341 988
1342 3628
1342 9877
1343 1732
1345 1441
1345 5466
1346 979
1346 5197
1348 274
1348 1086
1348 5940
1348 5983
1349 9956
1350 7848
1351 7978
1352 6349
1353 7273
1354 6656
1354 8924
1354 9700
1355 3488
1356 2703
1356 2759
1356 5929
1357 6339
1359 446
1362 8105
1364 4706
1365 968
1366 5799
1366 8840
1368 6729
1371 2929
1371 3752
1371 7124
1372 1355
1373 3049
1374 3100
1374 3636
1377 99
1378 738
1378 4520
1379 1506
1379 4935
1381 2808
1383 3968
1384 5302
1385 854
1388 713
1389 6431
1390 3906
1390 5048
1390 9481
1391 649
1391 4371
1393 2391
1393 8088
1394 3711
1395 7543
1397 9874
1400 4608
1404 6219
1405 3621
1405 7965
1406 4090
1407 752
1407 2031
1407 9626
1409 3212
1410 773
1411 89
1411 4467
1411 8583
1412 1114
1412 3531
1412 4489
1413 518
1414 3202
1415 3123
1419 5522
1420 1464
1420 3051
1420 4340
1421 1717
1421 7240
1423 8817
1424 738
1424 2964
1425 1214
1430 5491
1430 7326
1430 7933
1431 2529
1431 7246
1433 8614
1434 2836
1435 307
1435 6399
1436 6018
1437 4474
1438 8028
1440 8297
1440 9663
1443 2589
1444 2126
1445 2065
1449 996
1449 5899
1450 1351
1452 1655
1452 2092
1452 2425
1452 3201
1454 1029
1454 3412
1456 7140
1456 7390
1457 4573
1458 8713
1458 9562
1459 3508
1460 4921
1460 5954
1461 2641
1461 4074
1461 7865
1462 4991
1462 6503
1463 1332
1463 5152
1463 7122
1464 3442
1465 964
1469 3945
1472 9893
1473 4650
1473 5587
1473 7960
1477 9633
1478 3429
1480 8409
1481 3331
1481 7798
1483 3083
1483 3869
1483 5140
1483 6345
1484 6985
1486 3376
1486 5284
1486 8207
1487 7469
1488 761
1488 2938
1490 2454
1490 4384
1491 173
1491 7221
1492 8182
1497 2177
1497 6240
1498 813
1498 6712
1499 1350
1501 2777
1501 6266
1504 4764
1504 5390
1505 4477
1505 7890
1506 1625
1507 3234
1508 2630
1509 2432
1510 2593
1510 9393
1511 2646
1512 673
1513 2298
1513 6976
1516 1390
1516 6198
1516 7962
1517 6107
1517 6874
1518 9158
1519 2389
1519 3388
1519 8208
1521 3849
1521 7304
1521 8715
1522 3536
1522 6769
1523 7747
1527 9146
1528 395
1528 2679
1529 919
1529 3881
1530 7077
1530 8279
1531 2507
1531 7328
1532 6646
1532 8794
1533 6790
1533 7417
1535 5768
1536 2804
1536 8974
1538 2348
1539 3134
1541 4999
1544 920
1545 2505
1550 9861
1551 3285
1553 3264
1554 4181
1556 2555
1563 7205
1563 7667
1564 1168
1564 4417
1564 9304
1566 904
1567 5285
1568 1651
1570 3609
1570 7895
1574 3087
1574 4346
1574 8550
1576 5070
1576 5949
1576 7950
1577 9105
1580 7328
1581 1591
1582 6573
1582 8282
1585 3730
1585 7103
1586 4769
1588 2399
1589 5886
1591 5255
1595 5007
1596 2925
1596 4875
1597 1142
1599 432
1599 5071
1600 2759
1600 6943
1603 6820
1604 5340
1605 4339
1605 4765
1605 7499
1609 3788
1609 5961
1609 7604
1613 3696
1613 5102
1615 1666
1615 5524
1618 5811
1623 2900
1623 5186
1624 9043
1625 3
1625 3348
1627 2450
1629 1071
1629 8078
1630 2323
1631 7315
1634 2375
1635 4009
1636 4525
1636 9655
1637 8022
1638 4677
1638 5519
1638 7274
1640 3898
1640 6145
1641 6720
1642 8033
1644 3534
1645 2050
1645 3114
1645 4658
1645 5222
1647 1646
1647 2281
1650 959
1650 1441
1651 8436
1652 515
1652 2254
1652 7941
1652 8271
1654 2421
1654 3411
1654 6102
1655 1301
1655 1676
1657 7281
1659 734
1659 7145
1660 2320
1660 6030
1661 9563
1662 3553
1662 7348
1663 8137
1663 9057
1664 1820
1664 7211
1666 1765
1667 7103
1668 7732
1670 1966
1671 6328
1672 2261
1673 9500
1674 5112
1674 9351
1676 1439
1676 8458
1677 8395
1679 7102
1680 2826
1680 4709
1681 227
1685 2125
1687 4553
1688 1599
1688 3579
1689 458
1689 8111
1690 8491
1690 9669
1691 6138
1692 9463
1693 777
1694 9907
1696 4357
1697 1459
1697 4315
1697 7438
1698 6307
1698 8359
1699 1445
1699 9236
1703 319
1705 4384
1706 739
1706 4125
1709 8626
1709 9083
1710 309
1710 9595
1711 896
1711 7270
1713 4898
1715 1046
1716 951
1716 2790
1717 3840
1719 1031
1719 4684
1720 1557
1721 4972
1721 5176
1721 6745
1722 473
1723 1272
1723 2287
1723 8901
1724 7467
1725 3684
1725 6081
1727 2338
1728 8390
1730 7583
1731 5115
1732 1111
1733 8382
1735 5078
1735 7527
1736 7582
1736 7631
1737 8604
1737 9885
1739 4155
1740 4812
1742 870
1743 5878
1744 1291
1746 1505
1746 3167
1746 4850
1747 1640
1747 7578
1747 8933
1748 2998
1750 475
1750 8260
1751 38
1751 6740
1752 4150
1752 5266
1753 7034
1754 5948
1755 8365
1755 9831
1757 6423
1759 8524
1760 5224
1762 9900
1763 2737
1765 2679
1765 7134
1767 5968
1767 9685
1768 848
1768 9835
1770 9179
1771 7747
1772 6403
1773 1151
1773 8947
1774 1873
1774 3650
1775 4659
1776 1617
1776 7016
1776 7623
1779 7879
1779 8195
1780 6857
1780 9748
1781 3950
1781 4402
1781 9579
1782 3604
1784 2278
1784 3934
1784 5521
1785 3532
1787 3165
1790 1507
1791 9300
1793 4635
1794 1628
1794 2284
1795 9943
1797 3119
1799 6817
1800 1989
1800 4753
1800 6281
1801 3059
1801 9352
1802 1288
1802 9985
1803 2467
1804 9614
1806 8237
1808 4299
1808 7815
1811 7640
1815 3958
1815 5246
1815 5425
1815 8128
1817 2946
1817 9340
1819 6440
1820 1320
1821 3232
1822 980
1825 779
1825 1999
1827 9415
1828 2772
1828 5159
1828 5365
1829 3493
1829 8883
1831 610
1831 3794
1831 9230
1834 1869
1834 9266
1836 2432
1837 9283
1842 1501
1842 3688
1843 7918
1845 5344
1845 6524
1846 8038
1849 1333
1849 1814
1849 7871
1851 1213
1853 8422
1854 786
1854 2220
1854 7051
1855 6462
1857 1209
1858 849
1858 6640
1859 3165
1860 594
1860 9266
1862 9840
1864 5694
1864 8415
1866 2703
1873 5227
1874 875
1874 3574
1875 579
1875 8994
1877 1318
1877 2621
1877 3567
1878 5245
1881 9931
1882 268
1882 7735
1884 6277
1884 8578
1884 9752
1885 4824
1886 1848
1886 8550
1888 1256
1889 2436
1892 3179
1892 6292
1893 6877
1894 8832
1895 9124
1896 4914
1898 4518
1899 8740
1900 2097
1900 4451
1900 6700
1901 5605
1903 6983
1906 3199
1907 1542
1907 3756
1907 9903
1908 2814
1908 7970
1909 1060
1909 3852
1909 7889
1910 173
1910 4570
1911 381
1912 2286
1912 6455
1913 8018
1914 5650
1914 8351
1915 3724
1915 4461
1915 6801
1916 2381
1918 3832
1920 7123
1920 7956
1921 1847
1921 3283
1921 8160
1927 4597
1928 1351
1930 1749
1932 2570
1933 9053
1936 2162
1938 8645
1941 6885
1942 4989
1943 6156
1946 6565
1948 9174
1949 1316
1949 1726
1949 3243
1950 3878
1950 6145
1951 7649
1952 8173
1952 9604
1953 787
1954 284
1954 9425
1955 6499
1956 6803
1956 7591
1956 9322
1957 2470
1957 6399
1959 3147
1959 3637
1959 9832
1960 2252
1960 3502
1960 4757
1960 7398
1960 9516
1961 700
1963 6642
1964 3778
1966 7394
1966 8442
1967 1686
1968 7310
1970 5393
1970 7667
1970 7729
1973 2318
1974 1434
1977 4109
1978 7569
1979 9732
1980 1544
1982 3396
1983 1364
1983 3084
1983 7232
1984 7021
1984 8130
1987 2675
1987 4042
1989 8619
1993 3406
1993 3535
1993 3580
1994 2303
1995 483
1995 5040
2000 8621
2001 1108
2001 5148
2001 6685
2002 6084
2003 6988
2005 6284
2006 521
2006 4775
2006 8503
2011 166
2011 2165
2013 640
2013 5688
2013 7774
2013 8160
2014 1248
2015 710
2015 2388
2016 7054
2017 9043
2017 9288
2019 4973
2019 8876
2020 314
2020 2259
2020 4511
2021 8648
2022 650
2022 2008
2023 562
2024 51
2025 7883
2026 5101
2027 5671
2028 2270
2029 8378
2030 1850
2030 2251
2030 3655
2032 2861
2032 8039
2034 1099
2034 1746
2034 2882
2034 3041
2036 1085
2036 5547
2037 558
2037 2201
2037 2970
2037 3442
2038 2831
2038 3807
2042 4646
2045 3024
2046 2533
2046 9731
2047 3821
2048 6815
2049 135
2051 3232
2051 7311
2052 863
2052 2581
2053 8558
2054 486
2054 515
2054 3313
2054 6208
2055 1571
2055 5062
2056 8701
2058 6352
2060 3297
2064 9517
2066 4113
2067 989
2068 5049
2069 4318
2069 5960
2072 4909
2073 1464
2073 9895
2075 2685
2075 3505
2075 4934
2077 5173
2079 4816
2079 9169
2081 7752
2083 973
2083 4041
2084 9778
2086 6683
2087 1370
2087 9910
2088 880
2088 2126
2089 641
2089 1388
2089 3913
2089 9376
2090 1648
2091 6000
2091 6198
2092 8534
2094 6298
2095 696
2095 6217
2096 4309
2096 9445
2096 9689
2097 1094
2097 4828
2097 7245
2098 6971
2098 7240
2099 6278
2100 9370
2101 7716
2103 6956
2107 9397
2108 8417
2109 9309
2110 106
2110 1491
2113 8308
2117 6446
2118 615
2119 5996
2120 8850
2121 3913
2121 4868
2122 8393
2124 6749
2125 507
2125 5652
2127 3991
2129 5998
2129 9951
2130 7031
2132 5337
2132 8842
2135 2787
2135 4690
2137 5738
2137 8626
2138 4035
2138 7207
2139 8423
2140 1257
2141 6980
2143 4984
2144 4108
2144 9069
2146 891
2146 5440
2147 4409
2147 5818
2147 6675
2148 1524
2148 5854
2148 6240
2150 765
2150 1420
2152 7648
2152 7699
2153 186
2154 6801
2155 4207
2155 5989
2156 3328
2156 3747
2156 8265
2157 956
2158 9504
2159 2832
2162 2700
2163 1182
2164 267
2164 3132
2165 492
2165 2871
2167 1362
2169 1492
2170 7234
2171 5781
2172 8033
2174 9354
2175 2536
2175 3507
2175 6644
2177 9346
2179 6319
2180 226
2181 1474
2181 8221
2182 790
2183 7721
2187 4020
2187 4995
2187 6793
2188 4775
2188 4975
2188 8622
2189 5581
2191 427
2192 7530
2193 8008
2196 8638
2197 2999
2200 6902
2201 1652
2202 5306
2202 9223
2203 9220
2204 5827
2205 4496
2205 4726
2205 5266
2207 9606
2209 8317
2210 3473
2210 3653
2210 4807
2210 8901
2211 8997
2212 6721
2213 7167
2214 1048
2214 4721
2215 5882
2216 6749
2219 3056
2220 355
2221 6076
2222 69
2222 1785
2222 4233
2222 4724
2222 6212
2225 9187
2226 834
2226 5914
2227 5351
2227 5596
2228 7701
2229 4445
2229 4870
2231 4460
2233 5679
2233 7188
2233 8952
2234 5305
2234 8689
2236 4663
2238 3799
2239 5540
2239 8440
2240 8413
2240 9977
2243 9699
2244 3188
2245 1556
2246 4243
2248 6342
2248 9833
2250 1030
2251 645
2251 8968
2251 9763
2253 3578
2254 3197
2254 6256
2255 566
2255 8809
2257 1379
2258 6376
2258 7711
2259 964
2259 9712
2260 357
2260 1343
2260 4445
2260 4512
2260 8202
2261 6056
2263 6518
2263 9510
2266 2744
2267 8091
2268 986
2269 881
2272 682
2272 6938
2272 6976
2273 2666
2273 7815
2274 3828
2275 2977
2277 8575
2278 1362
2279 1081
2279 3349
2279 4622
2280 385
2280 2534
2282 1655
2282 9369
2283 83
2283 5311
2286 8392
2287 1168
2288 7094
2291 2402
2291 5559
2293 7876
2294 9830
2295 7101
2297 5347
2297 6516
2298 1919
2298 8884
2298 9019
2299 929
2299 3907
2300 7214
2300 8480
2301 4617
2301 7851
2305 6575
2307 3468
2307 4897
2307 7271
2308 1281
2308 2104
2308 5060
2309 405
2311 3326
2312 3853
2313 2001
2314 3354
2317 598
2318 5883
2322 6386
2322 6718
2323 8402
2324 6336
2325 9373
2326 7289
2327 4337
2327 5252
2328 4481
2329 9739
2331 4707
2332 2028
2332 2356
2332 7705
2336 9449
2337 8709
2337 9336
2338 317
2338 1751
2338 2026
2340 3405
2341 4571
2343 6585
2347 1921
2348 4722
2348 9036
2350 7811
2351 1179
2351 2585
2351 3548
2352 322
2352 2620
2353 9964
2354 106
2354 5915
2354 9107
2355 461
2356 1979
2357 9612
2358 2748
2359 186
2359 3709
2359 4485
2359 7214
2360 7609
2361 3359
2361 7026
2364 2829
2366 1387
2366 6257
2366 6414
2366 8119
2367 2519
2369 754
2369 1919
2369 6686
2370 3157
2371 380
2372 7855
2373 4089
2373 7123
2374 6424
2374 7994
2374 8328
2374 9883
2375 1332
2376 2364
2376 5381
2377 1386
2377 6459
2378 2915
2379 5254
2383 4368
2384 9562
2387 2368
2388 8523
2390 51
2390 8289
2391 1230
2391 6526
2391 9167
2393 6872
2393 9074
2394 97
2394 8787
2397 695
2397 8813
2400 1052
2400 1764
2401 6487
2404 1145
2406 8907
2407 1001
2407 1120
2408 236
2410 2856
2410 5831
2413 2310
2413 4475
2413 7589
2415 9337
2418 558
2418 7153
2419 3231
2420 1542
2420 4270
2421 2966
2422 67
2423 98
2424 2578
2424 5380
2425 9633
2426 1944
2426 3472
2426 7709
2426 7841
2427 2666
2428 2455
2428 6033
2429 4821
2431 6363
2437 1061
2437 5436
2440 4584
2441 182
2441 4521
2442 2501
2444 4174
2446 6124
2446 7936
2446 8484
2446 9093
2447 429
2450 5234
2452 6710
2452 7617
2453 2357
2453 3569
2454 6562
2454 8724
2455 4124
2457 7813
2458 1354
2459 3024
2459 7474
2460 5420
2462 910
2463 3636
2463 3815
2464 7661
2466 2364
2467 5908
2468 1900
2471 4743
2474 4136
2475 5940
2478 955
2480 8905
2481 7260
2483 2817
2484 8897
2485 1861
2488 2138
2491 3509
2491 6755
2491 9320
2492 3879
2495 8389
2497 6718
2498 1437
2498 8656
2499 8093
2500 981
2500 6996
2500 8249
2502 569
2502 4973
2502 7634
2503 2753
2503 5661
2503 9037
2504 5216
2505 2523
2506 927
2509 8782
2511 2354
2511 3900
2511 7143
2513 1439
2514 858
2515 2134
2515 9773
2518 2459
2519 1763
2522 2110
2522 3344
2522 5007
2522 9414
2523 4576
2523 8270
2524 5700
2525 787
2526 4116
2526 6302
2527 3933
2527 9725
2528 7494
2529 6222
2532 6385
2534 5549
2535 8445
2536 6540
2536 6694
2536 9375
2537 2484
2538 2369
2539 1335
2539 3466
2540 5245
2545 4003
2545 4800
2545 5591
2546 6409
2546 9181
2547 1718
2547 4140
2549 7993
2549 9609
2551 6731
2552 971
2552 1869
2554 7273
2556 9011
2559 496
2559 3465
2559 5479
2559 6782
2561 903
2562 911
2562 5683
2562 5704
2564 7340
2566 3738
2567 342
2568 8692
2569 715
2569 5601
2571 7353
2572 698
2580 3620
2580 4949
2584 4568
2584 6294
2586 786
2587 4087
2589 0
2589 4921
2590 4240
2592 939
2592 4742
2593 5999
2594 453
2596 2749
2596 3358
2596 8651
2597 4467
2599 3877
2599 9237
2600 1713
2600 2889
2600 9111
2601 5276
2603 5139
2604 6101
2606 6085
2606 7603
2607 9601
2609 8252
2610 137
2610 4148
2611 9082
2615 2460
2615 3667
2618 8776
2619 7863
2622 6896
2622 8116
2622 8678
2623 2615
2624 5248
2625 8060
2630 8703
2631 7289
2631 8679
2631 9686
2636 9344
2637 5224
2639 6701
2640 8740
2641 8140
2642 7907
2642 8169
2642 8557
2643 1537
2644 1318
2645 6813
2646 4721
2648 1233
2648 2346
2648 5072
2649 3678
2650 1435
2651 7978
2653 5274
2654 2928
2654 6445
2655 3291
2655 8923
2656 1532
2657 8527
2660 439
2661 9233
2662 3462
2665 6141
2665 6594
2665 7106
2666 5069
2666 5120
2667 3419
2669 5594
2670 5179
2670 6555
2672 1262
2672 7278
2673 4107
2674 339
2674 1732
2674 7107
2674 9069
2676 7909
2678 4722
2678 5400
2679 5205
2680 3902
2680 4653
2681 1689
2682 182
2684 5025
2684 9268
2685 2426
2685 9765
2687 9625
2687 9827
2689 6999
2690 218
2690 2279
2690 5280
2691 3789
2691 7241
2694 1110
2694 1585
2696 6583
2697 1023
2697 3705
2698 8511
2699 3302
2700 5761
2705 1644
2707 2055
2708 6751
2709 4607
2710 1740
2710 4268
2710 4308
2711 5248
2711 9651
2712 9022
2713 5141
2713 5236
2715 4026
2716 620
2717 1255
2717 2745
2719 5544
2719 6727
2719 7070
2721 5000
2722 5715
2722 7857
2725 1767
2725 2675
2728 3049
2730 79
2730 7959
2731 962
2731 8666
2732 1801
2734 2
2735 8658
2735 9255
2736 2068
2737 8021
2738 1308
2739 3653
2740 3518
2741 9867
2742 2644
2742 3556
2742 5486
2743 3583
2743 5345
2744 446
2744 2805
2744 8191
2746 7472
2748 1448
2749 2951
2749 3248
2752 4119
2752 8394
2753 2906
2753 5238
2754 4551
2756 1108
2756 3255
2757 1995
2757 4000
2758 4788
2759 4343
2760 332
2760 1075
2762 1059
2762 9815
2763 2995
2764 1624
2764 8926
2765 9856
2766 6281
2768 7849
2772 748
2772 2053
2772 5245
2774 2272
2777 4395
2777 9271
2779 2219
2779 7912
2780 922
2780 9832
2783 8946
2785 7059
2786 3145
2787 617
2787 1911
2787 5741
2787 8745
2789 5961
2789 8042
2789 8918
2790 3098
2791 705
2791 3146
2791 3455
2791 7745
2791 8503
2792 4861
2792 8249
2794 6952
2794 7246
2795 129
2795 3380
2795 4649
2796 313
2796 8295
2797 2080
2797 4465
2797 5726
2797 6774
2799 9866
2800 5492
2800 7228
2800 7492
2801 8145
2802 2587
2804 4529
2804 4682
2804 8999
2805 1619
2805 9855
2808 2517
2809 239
2811 5214
2811 9397
2812 272
2812 1689
2813 4434
2814 7291
2815 8992
2816 545
2816 7483
2816 8681
2817 1257
2817 6658
2817 6859
2817 8081
2817 8766
2818 2885
2818 6165
2818 9584
2819 5404
2819 8335
2821 8954
2822 8667
2825 3538
2825 6523
2826 5707
2827 5019
2828 3615
2828 4895
2829 3417
2829 5954
2833 5101
2837 257
2837 388
2838 7733
2839 3924
2840 2492
2840 3390
2841 3549
2843 1051
2843 8846
2843 9793
2844 1303
2844 3224
2845 2774
2845 3412
2846 2393
2846 7449
2847 1470
2847 7562
2848 7750
2849 8379
2851 6197
2852 748
2852 942
2852 6333
2859 3202
2859 5781
2860 8565
2863 8195
2866 6477
2867 4738
2867 6169
2868 9280
2869 8108
2870 9723
2871 2828
2872 6279
2873 6002
2873 6505
2873 9930
2874 8795
2875 3456
2877 322
2879 7610
2880 8855
2883 1757
2884 6072
2885 4196
2886 693
2887 101
2887 5018
2887 9104
2889 3234
2889 3823
2889 7050
2890 5364
2890 5617
2892 7919
2893 9553
2894 4407
2898 12
2901 1473
2901 1611
2903 8386
2904 5522
2905 4401
2906 3291
2907 1523
2907 4414
2907 6969
2908 1066
2908 2740
2909 5858
2910 3285
2910 4760
2912 8862
2914 1001
2915 965
2915 6112
2916 303
2919 5919
2920 3513
2920 9399
2922 3307
2923 9019
2924 3090
2925 675
2925 6357
2926 1984
2926 3958
2926 7717
2926 8059
2927 1983
2927 5258
2927 6267
2928 8608
2928 9110
2929 4033
2929 9074
2929 9450
2934 6095
2939 9984
2941 6857
2944 1502
2945 517
2946 4375
2947 8531
2951 6407
2952 910
2952 8804
2954 3430
2955 8476
2956 338
2956 543
2956 4167
2957 5652
2958 714
2961 9212
2962 1511
2962 4160
2964 9256
2965 1686
2967 4480
2967 5418
2968 1230
2970 8950
2973 962
2974 324
2975 660
2975 4336
2975 9116
2975 9234
2979 2660
2980 308
2981 293
2981 4790
2982 642
2982 5193
2983 6489
2984 3675
2986 4534
2988 9054
2988 9187
2989 6690
2991 2123
2992 1444
2992 6345
2994 9384
2995 6718
2995 7214
2997 6475
2997 9577
2999 5360
2999 5966
2999 7403
3001 3592
3001 7649
3002 3192
3003 7799
3003 8647
3004 2178
3004 6550
3006 4453
3007 9122
3008 4637
3009 3209
3009 5233
3012 2289
3013 9629
3014 7544
3014 9807
3017 7781
3018 3445
3019 4820
3020 3800
3021 2226
3021 5246
3021 5764
3023 6162
3026 7806
3026 9014
3027 3473
3030 7279
3031 1148
3033 4098
3034 3433
3035 7905
3037 7944
3038 6920
3038 7304
3039 4651
3039 6960
3041 772
3041 2893
3041 4239
3041 5380
3041 7692
3042 3334
3044 980
3045 7094
3046 971
3049 7637
3049 8522
3050 8151
3051 3367
3051 9013
3053 4841
3054 116
3054 5293
3055 3576
3055 5417
3056 6338
3058 9029
3059 2795
3059 3687
3060 1439
3060 9864
3061 537
3061 5307
3062 6376
3062 7448
3063 3302
3063 3392
3063 9766
3069 3381
3070 7413
3071 4757
3072 1697
3075 707
3075 3158
3077 7471
3078 2654
3079 5551
3080 4765
3080 6772
3081 1555
3081 4406
3081 5792
3082 3295
3088 5932
3089 1264
3089 6914
3091 4444
3091 6647
3093 1213
3093 5762
3093 6021
3093 6548
3094 5829
3094 8159
3099 3031
3100 900
3103 6922
3105 7759
3105 9631
3108 9728
3109 6540
3112 4366
3113 475
3118 9202
3119 7639
3120 6629
3121 1513
3121 1798
3122 3545
3126 5613
3127 2197
3130 2012
3130 3198
3133 2621
3133 5845
3133 7526
3133 9338
3135 2596
3136 16
3136 7399
3137 1734
3137 6496
3137 9716
3138 5922
3138 8563
3140 8658
3140 9785
3141 4848
3141 6654
3144 2861
3145 381
3145 4016
3146 3289
3146 5906
3147 5422
3148 2854
3149 8242
3150 4790
3150 8057
3151 2726
3151 6498
3152 150
3152 3717
3152 4272
3152 4695
3152 7545
3152 8935
3153 366
3154 1225
3156 6548
3160 1064
3160 5291
3162 1337
3162 9365
3164 5679
3165 9167
3166 5960
3167 1736
3168 811
3169 3469
3169 8822
3169 9896
3172 1612
3172 2926
3172 9749
3173 1811
3173 9385
3174 3743
3175 2326
3175 6353
3175 7041
3176 2897
3180 1383
3180 9554
3182 4518
3183 8253
3184 5194
3186 1392
3186 2755
3188 4418
3189 8649
3189 8708
3190 4262
3190 9482
3192 219
3195 7103
3196 1334
3198 9851
3200 2093
3200 3445
3201 2731
3208 321
3209 777
3211 8433
3212 5694
3213 8902
3214 7359
3215 2622
3218 2597
3218 3435
3218 5466
3221 31
3223 4357
3223 6645
3225 1408
3226 1896
3226 5945
3226 9688
3230 2334
3230 8481
3232 3942
3233 5465
3236 8640
3237 9245
3238 8857
3239 8434
3239 8594
3240 9745
3242 8898
3243 2116
3243 7401
3244 5306
3244 7923
3244 8459
3246 4220
3246 4305
3248 7517
3249 1277
3249 5005
3249 6299
3250 887
3251 2561
3254 9263
3255 3435
3256 1804
3257 5231
3258 1974
3258 5569
3259 7820
3260 7130
3262 3624
3264 126
3264 4894
3266 5049
3268 1833
3268 5622
3268 7627
3270 38
3270 2208
3270 6376
3272 2547
3274 695
3276 7482
3277 1471
3277 8277
3278 5203
3279 7220
3280 392
3283 5025
3283 7949
3284 6509
3285 5902
3286 1205
3286 3485
3286 4586
3286 6516
3286 9450
3288 8586
3289 4620
3290 933
3290 3051
3290 5258
3292 222
3295 7644
3295 9718
3297 6012
3298 3422
3299 2681
3300 5843
3300 6107
3300 6394
3301 2586
3301 4218
3301 4491
3303 570
3305 8589
3306 3739
3307 7876
3308 7563
3310 8143
3311 864
3311 996
3311 1649
3311 2655
3311 3233
3312 4365
3313 8760
3313 9192
3314 6638
3314 9910
3317 7611
3318 2153
3318 9112
3319 1656
3321 1512
3323 3350
3325 4369
3326 2474
3327 339
3327 7772
3332 1631
3332 8343
3333 8309
3335 5552
3335 9340
3336 2965
3338 2857
3341 255
3343 2172
3343 5747
3343 8804
3344 814
3344 3369
3344 3557
3347 1056
3348 9066
3349 9941
3350 47
3352 1920
3352 6544
3353 9992
3356 8202
3356 9036
3356 9091
3357 8368
3358 957
3358 3157
3358 6515
3359 9224
3359 9855
3360 7966
3361 3485
3362 7377
3363 5291
3364 8827
3368 5543
3368 7971
3370 118
3370 148
3370 4798
3371 1980
3372 8541
3374 2126
3374 2318
3375 5970
3377 6886
3379 462
3380 3321
3380 6078
3380 6674
3381 5140
3382 4252
3382 8592
3383 5339
3384 1133
3384 9094
3385 3893
3385 7966
3385 9605
3387 5791
3388 8671
3388 9648
3389 7494
3390 5613
3392 4378
3392 6308
3396 5299
3397 4686
3398 3038
3401 711
3401 5519
3403 4109
3406 460
3406 2431
3406 3661
3406 4589
3407 7969
3408 71
3409 7523
3410 9030
3412 2450
3413 1748
3414 5791
3415 4941
3415 6462
3417 9438
3420 2784
3420 7665
3421 104
3422 4323
3423 6029
3426 7702
3427 56
3427 672
3427 8078
3428 345
3428 7964
3428 8963
3429 7982
3430 8829
3433 8352
3435 889
3436 7162
3440 5842
3441 4810
3441 7028
3442 294
3442 9728
3444 537
3444 4782
3444 9600
3445 2011
3446 6936
3446 9922
3447 3489
3447 4697
3448 2384
3448 7338
3448 7832
3452 9612
3453 1040
3453 3323
3456 3646
3457 2760
3458 813
3459 64
3459 6016
3460 1925
3460 4745
3461 1992
3462 1714
3463 5632
3466 7559
3468 5608
3469 2227
3470 2091
3470 5214
3473 391
3473 6001
3474 3412
3474 6019
3475 6467
3477 1408
3477 5129
3478 6154
3478 6370
3478 6741
3479 5370
3479 7590
3480 5560
3480 6294
3483 3103
3483 3584
3483 9061
3486 478
3486 7242
3487 1274
3487 5280
3490 4028
3491 225
3491 4898
3493 2015
3494 9858
3495 9567
3496 5373
3497 3081
3498 2460
3499 3091
3500 3900
3502 3086
3503 4656
3503 9590
3505 4391
3507 8074
3508 8378
3509 8671
3510 2677
3510 8509
3511 11
3512 1596
3513 3885
3514 2010
3514 7149
3516 2521
3517 1439
3520 2346
3521 7743
3522 378
3522 1658
3524 2064
3525 790
3527 6649
3528 1539
3528 3095
3528 5762
3528 8519
3530 9681
3533 7371
3534 8406
3535 182
3535 379
3535 1161
3538 8685
3539 4562
3539 7817
3542 9459
3543 2446
3545 6823
3548 5025
3548 8802
3550 880
3554 2070
3554 8306
3556 8184
3556 8188
3557 6713
3563 9722
3564 3330
3565 4792
3566 8830
3567 6925
3567 7381
3568 7136
3570 4238
3570 5220
3570 7329
3571 468
3571 858
3571 6793
3572 6243
3574 3423
3576 2721
3578 5774
3580 4519
3580 6793
3581 1992
3582 1813
3582 2521
3583 8697
3584 7607
3585 2273
3585 3323
3590 1118
3590 3042
3590 8116
3590 8735
3591 5220
3593 547
3594 138
3594 3956
3594 5559
3596 8535
3597 1040
3598 3637
3598 3830
3599 3668
3602 882
3603 2411
3603 7730
3604 3618
3605 7496
3606 2861
3606 6664
3606 8773
3606 9457
3607 5340
3608 3100
3608 3238
3609 9468
3611 2654
3611 5197
3612 4346
3612 4883
3613 2165
3613 8225
3614 7234
3614 7683
3614 8509
3615 4373
3616 2247
3618 3188
3618 7266
3619 3159
3619 7591
3621 1275
3621 3627
3626 3046
3631 722
3631 9901
3633 1727
3634 3883
3635 3113
3637 4046
3638 388
3639 5292
3640 6978
3641 2216
3641 4117
3641 4401
3641 5587
3642 8214
3644 1435
3644 6865
3646 7626
3647 7140
3647 7355
3647 8005
3649 7028
3651 2442
3651 9293
3652 6064
3652 7969
3653 4065
3654 2902
3654 4336
3654 6906
3655 277
3656 6841
3656 9696
3658 8694
3659 7865
3660 1203
3660 5264
3661 6890
3661 8140
3662 144
3664 172
3664 3466
3664 8848
3665 5655
3669 1834
3670 6566
3671 4308
3675 2470
3675 4886
3675 5056
3676 1681
3678 1119
3681 768
3681 4508
3683 2598
3683 4033
3684 121
3684 7953
3684 8246
3685 2283
3685 3751
3685 3771
3685 5386
3685 9017
3686 5045
3687 2040
3688 923
3688 3334
3690 9819
3691 1817
3692 978
3692 8362
3692 9551
3693 3213
3693 4603
3695 6231
3697 3696
3699 7617
3699 9584
3699 9956
3700 2502
3700 8473
3702 7073
3702 8696
3705 1208
3706 2094
3707 9984
3708 2733
3711 618
3711 1392
3712 5190
3712 9340
3713 3838
3714 2419
3714 7420
3716 9847
3718 741
3719 2589
3721 5488
3723 7449
3724 2044
3724 4317
3724 4663
3724 4814
3726 2988
3726 4688
3727 202
3727 3979
3727 5630
3728 451
3729 3804
3730 5967
3730 9329
3731 1146
3731 8457
3734 4671
3735 7297
3736 9525
3737 2842
3737 2928
3738 7500
3738 8984
3739 5328
3739 6597
3740 7035
3746 295
3746 381
3746 3602
3746 7373
3747 5883
3748 3936
3748 8459
3749 8853
3752 322
3752 3287
3752 9048
3753 3467
3755 6142
3756 3781
3756 8284
3757 3493
3757 9243
3759 7420
3760 2886
3761 4000
3762 7457
3764 3688
3765 964
3765 1700
3765 7483
3766 6992
3770 4149
3770 6886
3770 9054
3771 580
3771 1202
3771 5700
3772 5380
3773 9238
3777 7991
3780 4018
3781 9191
3782 1448
3782 6034
3783 4071
3784 3334
3785 6727
3786 3327
3787 6324
3789 7787
3790 207
3790 623
3793 2312
3795 9404
3796 1135
3797 6463
3798 1714
3799 1269
3799 8228
3800 2944
3800 8290
3801 23
3801 5952
3801 6221
3801 8829
3803 449
3806 1517
3808 4324
3809 6927
3811 131
3811 1780
3811 6523
3812 6955
3814 6758
3815 4483
3815 5138
3818 980
3818 4768
3820 6995
3820 9087
3821 4153
3823 7737
3824 392
3824 8148
3827 1406
3828 1028
3828 1548
3828 4399
3828 9842
3831 1675
3832 8279
3833 5945
3833 6326
3837 9604
3841 1249
3841 7976
3842 3654
3842 6851
3843 5967
3845 5784
3845 9883
3846 534
3846 8188
3848 4071
3848 9909
3850 5785
3850 8943
3851 507
3851 672
3851 8509
3853 5932
3854 1557
3854 3276
3856 8618
3857 2819
3858 8720
3860 6299
3866 1849
3866 1912
3867 2430
3868 342
3869 6688
3869 8484
3871 9668
3873 279
3874 3411
3875 5883
3876 470
3876 6815
3876 7639
3876 7675
3877 865
3878 5472
3878 5486
3878 8754
3882 9096
3885 2054
3885 6833
3886 1654
3886 3414
3887 1353
3887 4087
3888 9321
3891 7852
3893 49
3894 1180
3894 6160
3895 2540
3896 3180
3897 4976
3899 2506
3899 5934
3899 7318
3901 5430
3902 357
3903 3447
3904 2929
3904 4575
3904 7505
3905 4196
3905 9057
3908 1599
3908 6636
3909 8769
3910 5733
3910 6986
3911 5326
3913 3906
3913 7807
3914 7559
3915 4576
3915 4720
3919 6905
3921 1953
3923 1410
3923 4886
3923 8369
3924 6373
3925 1260
3928 5402
3929 5637
3929 7997
3930 7133
3930 8892
3932 3693
3934 3390
3938 4164
3938 8103
3940 1438
3940 1543
3940 3432
3940 9050
3944 9120
3945 5167
3947 142
3947 1395
3947 3160
3947 3250
3949 3290
3950 1709
3951 3367
3951 4558
3952 8511
3953 6807
3953 8478
3954 310
3956 8851
3957 1356
3957 4406
3957 6076
3959 2746
3960 2050
3960 6123
3960 6291
3960 6899
3962 3421
3963 3976
3964 3372
3964 7010
3964 9148
3965 4508
3969 8791
3971 2303
3971 6090
3973 2515
3976 1496
3978 2675
3979 6750
3983 4466
3983 5097
3983 8905
3986 9926
3988 2154
3989 7214
3990 6940
3991 2090
3991 2317
3991 5385
3992 2882
3993 662
3993 1571
3993 3284
3993 5217
3995 7026
3996 1264
3996 4846
3998 4888
3998 9737
3999 4731
4000 339
4002 5857
4005 407
4007 7452
4007 8365
4007 8410
4008 3976
4009 580
4009 1841
4009 4373
4009 9817
4013 2892
4013 8731
4014 6200
4014 8021
4015 6200
4015 7692
4015 7991
4016 2302
4017 9617
4018 2965
4018 5683
4018 7944
4020 9347
4021 1418
4021 2123
4022 8826
4023 4802
4024 1408
4024 7369
4025 7400
4026 7995
4027 6800
4027 7541
4030 4339
4030 6659
4031 1560
4031 9168
4032 405
4033 1570
4033 6929
4035 5857
4035 6978
4036 7720
4038 3134
4038 9527
4038 9807
4040 2380
4040 6735
4042 1431
4046 1526
4046 9158
4046 9992
4049 833
4050 4203
4050 6183
4052 1118
4052 1211
4053 6247
4054 2825
4054 6871
4055 8224
4056 8724
4057 3011
4060 1141
4062 6453
4063 3831
4063 5569
4063 7454
4064 4063
4067 5357
4067 5957
4068 6271
4069 8670
4070 2678
4070 3027
4072 3771
4073 7504
4074 4883
4075 1570
4076 3852
4076 4716
4077 4314
4078 7455
4079 2160
4080 4578
4081 2258
4082 5271
4083 3910
4083 7106
4084 7484
4084 7713
4084 8827
4087 2901
4087 4116
4089 6092
4092 5967
4093 1706
4096 863
4097 5918
4098 1470
4098 6396
4100 787
4100 1384
4100 4507
4100 7337
4104 8126
4105 8897
4106 813
4107 8126
4108 2397
4108 2634
4109 9232
4111 984
4111 1218
4111 5757
4112 1133
4112 9715
4114 444
4114 3806
4115 3139
4115 3908
4116 1119
4116 3036
4117 4455
4118 367
4118 401
4118 2029
4119 2880
4120 4357
4120 9461
4121 5382
4122 3449
4126 3576
4130 9062
4131 3413
4131 5638
4132 1329
4134 6498
4134 7369
4134 9300
4135 9827
4136 1492
4138 9213
4139 1984
4140 6462
4142 8947
4143 6336
4143 6729
4144 4288
4145 964
4146 7115
4146 8696
4147 4622
4148 6059
4148 9534
4149 8489
4151 9867
4154 5331
4155 2828
4157 7711
4159 6606
4162 2539
4163 9351
4164 1959
4165 6604
4165 9170
4166 3770
4167 4099
4167 5848
4167 9070
4168 9404
4169 2025
4169 2885
4169 7227
4170 4554
4172 5752
4173 9996
4181 8645
4187 7592
4188 2909
4189 6108
4192 5303
4192 6743
4192 7865
4192 9743
4194 1987
4194 2800
4195 4680
4195 9908
4196 6949
4197 1739
4197 7092
4198 9004
4199 1872
4199 5539
4201 306
4201 6285
4202 5709
4206 7839
4208 6627
4208 9087
4209 8306
4210 4421
4210 7400
4211 3898
4211 6379
4211 8021
4212 6013
4213 5504
4214 3052
4215 5816
4216 2942
4218 5161
4218 8050
4220 763
4220 7174
4221 3618
4222 3768
4223 499
4223 2725
4223 8699
4224 1584
4224 6881
4226 2022
4226 6887
4227 124
4227 2817
4227 6473
4229 836
4230 145
4231 3396
4232 2537
4232 9381
4234 351
4234 2208
4235 7356
4236 4465
4238 5103
4240 2861
4241 8143
4242 3900
4243 7763
4244 3473
4247 2131
4247 8454
4247 9745
4248 3012
4248 6866
4251 3152
4251 3292
4253 1564
4254 2088
4256 1440
4257 5778
4258 2252
4258 5843
4260 4599
4260 4956
4265 4613
4266 943
4266 1113
4266 4546
4267 1080
4269 9659
4273 544
4273 7532
4274 1390
4274 7101
4276 370
4276 5609
4276 9672
4278 1191
4279 4204
4282 81
4283 3943
4283 6288
4284 72
4284 4151
4284 6851
4284 7303
4284 9167
4284 9590
4285 5237
4285 8712
4290 355
4290 7651
4292 9863
4293 2859
4293 6201
4294 5034
4295 6681
4297 4293
4297 6715
4300 6036
4301 9796
4302 9041
4303 4301
4304 4110
4305 5532
4305 7221
4307 3550
4307 5740
4308 1280
4311 2465
4311 7224
4312 7275
4315 1979
4316 5291
4316 5421
4317 9568
4320 6721
4321 5723
4322 6185
4322 9754
4324 3618
4327 6722
4327 8168
4330 3738
4333 4847
4334 2106
4337 1141
4337 9565
4338 5294
4339 2199
4339 7386
4340 239
4340 7917
4341 8662
4341 9735
4343 4193
4343 6052
4343 7416
4344 1654
4344 3071
4345 1331
4345 1827
4345 7045
4345 8358
4345 9871
4347 3607
4347 9038
4348 6763
4349 1165
4350 2463
4350 5155
4352 2230
4352 8618
4353 88
4353 2737
4354 4052
4356 2280
4356 2725
4356 6736
4357 1329
4357 8593
4358 3759
4358 3803
4358 7934
4360 789
4360 1066
4360 2219
4360 2762
4362 1533
4362 9507
4363 2448
4363 4555
4365 9100
4368 5222
4369 5292
4369 7659
4369 8636
4370 43
4371 6625
4372 3585
4372 6618
4372 9639
4372 9831
4373 6101
4374 5652
4375 7219
4376 177
4377 903
4377 2828
4377 4165
4377 5244
4379 5692
4379 5994
4381 2922
4381 5075
4382 7232
4383 9014
4384 4723
4384 8038
4385 7793
4386 4058
4386 7025
4388 2795
4388 6823
4388 9375
4390 7386
4393 412
4395 4884
4395 6275
4396 4598
4396 5757
4396 9174
4397 2922
4397 8664
4398 1752
4398 2499
4398 3218
4399 4694
4400 6049
4400 7635
4400 9398
4402 4080
4405 9035
4406 5623
4411 305
4411 7794
4412 2326
4413 8115
4415 4201
4416 2285
4417 1400
4417 3017
4417 6416
4418 401
4423 5090
4423 9998
4424 5242
4425 505
4425 7640
4426 6380
4427 550
4427 3396
4428 7166
4431 1664
4431 3527
4431 8291
4432 5654
4432 8213
4433 2244
4433 8137
4434 172
4435 700
4435 3468
4435 4344
4436 6136
4437 339
4437 4524
4438 2030
4438 5028
4439 4842
4439 7709
4441 74
4443 2641
4444 2553
4446 668
4446 4538
4447 8451
4450 2891
4450 5293
4451 4504
4455 1253
4455 7929
4456 7410
4458 862
4458 2678
4460 2153
4461 2570
4462 3080
4465 496
4468 1400
4469 100
4469 1381
4469 7123
4470 2467
4470 3502
4471 7614
4472 7351
4477 914
4480 2667
4482 545
4483 7060
4483 7565
4484 471
4484 5368
4484 6224
4485 7347
4486 1460
4487 411
4487 8662
4488 1733
4490 5748
4493 9665
4494 8779
4495 3216
4496 1712
4498 8958
4499 9788
4500 6861
4501 2312
4501 5517
4501 9306
4503 9206
4503 9424
4505 770
4505 4230
4505 4332
4505 6473
4505 9559
4506 4986
4506 6167
4506 8248
4510 2919
4511 3991
4515 5685
4516 9777
4517 8794
4519 1353
4520 8776
4521 7539
4522 7343
4523 5872
4524 2171
4524 8861
4526 3236
4531 892
4532 722
4533 2957
4535 6201
4536 3095
4540 1878
4541 446
4541 1217
4541 8649
4542 2070
4543 5297
4544 676
4545 4151
4545 8435
4546 2877
4550 6210
4551 9066
4552 4623
4554 6516
4555 874
4556 6087
4557 571
4557 3288
4557 4552
4558 7924
4559 1707
4559 2688
4559 7364
4559 8784
4560 5578
4561 1682
4561 6677
4562 2317
4563 3148
4563 3720
4563 9811
4564 7402
4567 484
4567 6297
4569 7607
4570 2560
4570 9730
4572 1240
4572 9391
4573 2063
4573 5048
4574 7375
4574 9915
4575 353
4575 8823
4577 2069
4577 6522
4578 6729
4579 5012
4579 8913
4580 2526
4580 3914
4583 834
4583 8855
4583 9830
4585 1050
4585 6179
4586 5092
4586 7478
4587 2694
4588 1559
4588 4557
4588 5415
4588 6366
4588 9493
4589 8034
4590 3744
4590 4384
4590 8370
4591 5935
4591 8308
4592 248
4593 3168
4595 1043
4595 3424
4595 9664
4596 4862
4597 6196
4597 9544
4600 3914
4602 1840
4602 8356
4603 7035
4603 8392
4604 1356
4604 4491
4608 687
4608 2955
4609 6905
4609 9840
4610 1183
4611 2578
4611 5695
4611 9023
4612 2808
4612 6824
4614 6509
4615 3115
4615 7388
4617 7985
4619 5202
4620 6089
4620 7143
4620 8052
4620 8973
4621 3656
4622 2493
4622 3188
4622 8979
4623 132
4624 7932
4624 9763
4625 3159
4626 5967
4626 8580
4627 4138
4628 3182
4629 9175
4631 713
4631 4615
4631 5732
4632 972
4633 118
4634 6283
4634 8495
4635 1545
4635 5538
4635 6278
4637 4721
4639 2129
4639 7529
4640 4783
4640 6652
4641 3810
4643 5768
4646 7789
4647 5218
4647 8605
4648 6655
4648 8360
4649 375
4653 137
4654 1677
4654 2280
4654 2656
4654 7252
4655 609
4655 5843
4655 6568
4656 778
4659 9714
4660 8737
4661 1021
4661 4657
4661 7034
4663 2926
4663 7032
4664 4316
4666 7891
4667 1526
4668 1619
4668 4280
4668 6894
4670 275
4671 1260
4671 3748
4672 2955
4673 7482
4676 4556
4677 9959
4678 2140
4678 4339
4679 6964
4679 9961
4680 5805
4680 6933
4680 7727
4680 8077
4681 4838
4681 9009
4682 795
4682 5208
4683 5300
4684 8927
4686 4685
4688 5216
4688 6392
4688 7847
4689 7779
4690 6454
4690 8664
4690 8896
4690 9375
4690 9905
4693 5444
4695 6633
4695 9530
4697 2310
4697 4015
4700 2583
4700 4376
4701 8665
4702 4229
4702 4809
4703 5006
4704 6122
4705 8308
4706 1284
4707 8541
4708 695
4708 8321
4708 9407
4710 1390
4711 2205
4711 5398
4712 8809
4712 9521
4714 8608
4715 4157
4717 1916
4717 2630
4719 3422
4719 8659
4720 3234
4720 5417
4720 6867
4720 8623
4721 1329
4722 7963
4722 9227
4724 1314
4724 2210
4725 6325
4726 270
4726 5468
4726 8116
4726 9647
4731 2620
4732 335
4733 5239
4734 2436
4734 3826
4735 3461
4735 4722
4739 997
4739 5395
4739 7392
4739 9926
4742 1195
4742 3386
4743 5266
4745 8586
4746 73
4746 5841
4748 2204
4750 3661
4750 8268
4752 1748
4752 4583
4753 8070
4754 4897
4754 7411
4756 9473
4759 1258
4759 4788
4759 4890
4759 8565
4760 8361
4760 9075
4760 9751
4763 5378
4764 2715
4764 7917
4765 340
4765 6635
4766 6818
4767 9996
4769 5771
4769 7845
4771 5909
4771 9350
4772 1361
4772 2994
4772 8538
4773 1702
4773 3862
4773 4960
4774 1162
4774 7385
4775 4069
4776 717
4780 9522
4780 9562
4781 22
4783 3193
4783 5139
4784 9777
4786 1031
4786 2857
4787 6294
4790 5020
4791 1675
4791 7891
4792 1590
4792 9296
4793 8242
4793 8559
4794 9403
4795 6730
4796 4317
4796 6857
4799 3697
4799 5012
4799 5259
4802 7426
4803 1379
4804 1505
4806 4271
4806 8252
4807 1267
4808 8819
4809 3063
4809 5961
4810 7114
4812 474
4812 7027
4813 6910
4813 9602
4814 5059
4816 3881
4818 2283
4820 3411
4821 486
4821 2280
4821 5000
4821 5527
4821 6264
4822 9051
4823 554
4823 9492
4825 3166
4827 5123
4830 4991
4831 344
4831 893
4833 2948
4833 6307
4836 3030
4836 8618
4839 4757
4841 4451
4842 4274
4842 9445
4843 8157
4844 1704
4844 6808
4846 2646
4850 4405
4851 3361
4851 5464
4852 1055
4852 1200
4852 2340
4853 4403
4854 3738
4854 8530
4855 8922
4855 9637
4858 8480
4859 2253
4859 6389
4860 5302
4862 3286
4865 3823
4868 1177
4869 9566
4870 2083
4871 5835
4872 4484
4872 8077
4873 2207
4873 6983
4875 4336
4876 2777
4878 7769
4879 1621
4880 284
4880 2062
4880 6414
4882 9372
4883 1682
4883 8881
4883 9819
4884 97
4887 990
4887 4911
4888 1873
4891 4220
4893 4859
4893 7961
4894 3305
4896 1814
4897 1260
4897 5147
4897 8376
4898 531
4898 1230
4899 6855
4900 1614
4900 3020
4901 140
4902 8168
4903 6353
4904 8384
4905 5409
4906 1209
4910 1600
4910 8333
4912 9244
4913 536
4913 4457
4913 8061
4917 7726
4919 5954
4920 1558
4920 3571
4921 232
4922 4994
4922 8336
4923 359
4924 9618
4925 3195
4926 546
4926 7166
4933 9015
4938 1934
4941 2863
4942 6467
4946 5091
4947 3173
4947 9460
4948 1741
4948 1932
4949 9057
4950 6389
4952 4740
4952 7862
4952 8826
4952 9258
4953 798
4956 4457
4958 4057
4959 94
4959 671
4959 5732
4960 1849
4960 4603
4960 8978
4961 2266
4962 4681
4963 4061
4963 7428
4964 9496
4966 5146
4968 6674
4970 295
4970 3768
4971 3599
4972 2628
4972 9304
4973 262
4973 2294
4974 5374
4975 4073
4975 9429
4976 3438
4976 7703
4976 9214
4977 2338
4978 9669
4981 9580
4982 3671
4983 878
4983 1485
4986 2780
4986 9168
4987 798
4987 8077
4987 9810
4989 1350
4989 3364
4989 4003
4990 2221
4990 4168
4990 5858
4990 6704
4991 95
4991 9408
4994 8125
4995 7944
4996 9760
4997 1789
4997 5318
4999 6202
4999 7973
5000 2684
5000 4277
5003 7540
5005 8528
5005 9396
5006 2806
5006 5604
5006 6040
5006 6648
5011 2686
5011 7764
5013 6012
5014 291
5015 3050
5015 9392
5015 9700
5018 1164
5020 6271
5021 2570
5021 4074
5021 6922
5022 6192
5023 7387
5024 3873
5025 2012
5026 954
5027 6765
5029 5953
5031 5614
5032 3489
5032 4188
5032 8623
5034 813
5036 4625
5038 6187
5040 97
5040 734
5040 1279
5041 3190
5041 8883
5042 4276
5043 4781
5043 7534
5044 5831
5045 1619
5045 7331
5047 8081
5048 2599
5048 2712
5049 1796
5049 3255
5049 8617
5050 5000
5052 2807
5052 6299
5053 4150
5053 4832
5053 7981
5054 8810
5055 2834
5056 1158
5060 4559
5060 7106
5063 9759
5065 6198
5068 4217
5069 2550
5071 3928
5072 23
5072 4870
5072 6469
5073 1842
5074 5930
5077 9786
5078 6468
5079 2431
5081 4818
5081 7803
5082 8813
5085 7830
5089 3894
5090 9881
5091 8789
5092 7924
5094 1178
5096 1544
5098 4677
5099 1787
5099 3448
5101 1044
5101 3454
5101 6566
5102 4816
5103 846
5103 1205
5103 5093
5104 2849
5104 3685
5104 8725
5105 1842
5105 7184
5107 7667
5107 9044
5108 1587
5108 3700
5110 5081
5110 7058
5113 7534
5113 8640
5114 7656
5114 9665
5118 8450
5118 9361
5119 5086
5121 2324
5121 5734
5121 7203
5123 4167
5126 2165
5127 7399
5129 1518
5129 2635
5129 3157
5129 3934
5129 6256
5129 7441
5130 7763
5133 1622
5133 7309
5134 8523
5135 544
5135 5414
5135 9602
5136 3626
5136 4173
5136 4899
5136 6675
5137 6502
5137 8092
5138 3998
5138 6989
5141 5219
5141 7897
5142 8180
5145 1397
5145 4216
5145 9730
5146 2505
5148 1050
5148 4520
5148 8090
5150 566
5151 4061
5152 2646
5152 6755
5153 105
5153 9588
5154 1801
5155 3387
5156 4638
5156 5430
5157 9773
5158 1888
5159 4662
5160 3867
5160 8175
5162 644
5163 7821
5166 6816
5167 4887
5167 5786
5169 6102
5169 7848
5172 3170
5173 2241
5173 2390
5173 6948
5177 912
5178 7867
5179 3100
5180 1552
5180 6899
5180 8400
5182 5122
5183 3227
5185 8720
5186 3430
5187 3422
5189 4709
5191 4483
5192 1913
5193 6821
5193 6948
5194 9579
5197 190
5198 3167
5198 7528
5199 3141
5202 1259
5202 2898
5204 2933
5205 723
5205 8100
5206 1020
5210 6746
5210 9239
5212 1852
5212 1973
5212 4015
5212 9680
5212 9719
5213 4492
5214 2684
5214 4596
5215 6652
5216 3691
5219 389
5219 7702
5220 1355
5221 6516
5224 8813
5225 7189
5226 2630
5226 5534
5226 6211
5226 9688
5227 3304
5228 7784
5229 3180
5229 4929
5233 2032
5234 2144
5235 6365
5235 8556
5238 1581
5238 2521
5239 9203
5240 4507
5241 4173
5242 4463
5243 2740
5244 1006
5244 7329
5244 8225
5244 9886
5247 2
5248 916
5248 2641
5250 3653
5250 9276
5251 4689
5251 9892
5253 8164
5254 1839
5254 6931
5254 8414
5254 9496
5256 1612
5259 4741
5261 9379
5262 5386
5263 3681
5265 2913
5267 3340
5267 7952
5269 264
5270 5725
5270 9120
5270 9830
5271 9645
5272 3046
5272 4283
5273 2831
5276 3995
5276 5555
5279 5368
5280 1119
5280 3913
5281 4031
5283 664
5283 4428
5283 5270
5284 3914
5284 7625
5285 1724
5285 3622
5286 1709
5286 3340
5286 5680
5288 1662
5288 4795
5288 6125
5290 1000
5291 5991
5291 8627
5296 4907
5296 6953
5296 7994
5297 8059
5300 3047
5300 3817
5301 6822
5302 8539
5304 2794
5306 6991
5307 513
5308 142
5308 6132
5309 452
5309 6115
5310 6866
5312 2355
5314 6345
5314 6971
5314 9913
5315 1916
5321 8784
5322 3641
5322 9637
5323 6434
5325 2575
5325 5008
5326 2558
5326 3033
5327 4665
5327 6565
5327 7926
5329 3742
5331 7497
5332 3358
5332 6005
5333 72
5333 4846
5334 1204
5335 392
5335 1964
5336 745
5336 1927
5336 6009
5338 4889
5338 6346
5339 6048
5342 5510
5343 3223
5344 317
5345 2127
5345 4512
5345 6767
5345 7158
5346 6503
5346 8562
5347 4616
5347 6615
5349 6695
5351 3279
5351 9483
5352 5523
5353 1513
5354 2199
5355 4856
5355 5842
5356 8409
5358 2624
5359 947
5359 9005
5361 8064
5363 6757
5364 3951
5364 5131
5364 8892
5365 455
5368 93
5368 6676
5369 5107
5369 8666
5371 333
5371 517
5371 3539
5371 9523
5372 2490
5372 6782
5373 5230
5373 8588
5373 9622
5375 5632
5376 1079
5376 9984
5377 1606
5378 1703
5378 3551
5379 3236
5382 516
5382 2946
5382 3336
5384 3129
5384 5303
5384 6545
5385 8649
5386 1972
5387 1193
5387 2039
5388 9958
5389 1888
5390 1397
5390 9970
5396 867
5397 789
5398 630
5402 7427
5404 2364
5404 8964
5405 6669
5406 6367
5408 5553
5408 6979
5409 4035
5413 9503
5414 6270
5416 1984
5416 8288
5421 567
5421 2696
5421 4001
5422 3856
5422 6756
5423 4571
5423 7770
5424 6051
5424 8588
5424 9017
5428 1285
5428 3258
5428 8245
5430 6083
5430 6486
5432 252
5433 598
5433 9616
5435 4366
5436 1276
5436 6525
5438 9922
5441 1236
5441 7045
5443 5297
5443 6532
5444 4665
5445 7094
5445 8349
5446 5041
5449 2399
5449 6461
5450 1520
5450 3288
5451 7744
5455 1317
5456 8562
5457 5502
5457 8454
5458 7732
5459 414
5459 6799
5459 8712
5460 4278
5460 7342
5462 174
5462 3596
5463 1560
5463 4674
5464 6432
5464 9087
5466 1591
5466 3659
5466 8757
5474 349
5477 1853
5477 7863
5477 8684
5478 198
5478 743
5478 6662
5480 459
5480 5396
5482 7417
5483 2216
5484 2976
5487 2914
5487 5081
5487 6054
5490 883
5491 1710
5493 7582
5494 3333
5494 4291
5494 9663
5495 3029
5497 2092
5497 4994
5501 5005
5503 1923
5505 5426
5507 524
5508 7850
5511 7126
5512 4491
5512 7527
5513 548
5513 7074
5516 8253
5519 8247
5520 8963
5524 8939
5525 9198
5526 8317
5527 7625
5528 6311
5529 1280
5531 8854
5534 7807
5534 7864
5535 4126
5536 2502
5537 294
5538 6306
5539 6362
5540 2912
5540 9181
5540 9315
5543 1743
5544 5787
5545 541
5547 17
5550 1534
5550 7900
5551 5879
5553 6959
5558 201
5558 8088
5558 8672
5559 1485
5561 4052
5561 8359
5561 9884
5562 9399
5564 4427
5565 1214
5571 4895
5571 9361
5572 2447
5572 6222
5572 7737
5573 4011
5575 3555
5578 7219
5578 8103
5579 3198
5580 4593
5580 5860
5581 8533
5582 3073
5582 4570
5583 9319
5584 408
5584 3231
5584 6696
5585 1836
5590 4011
5590 6528
5590 8833
5592 721
5592 4690
5593 7418
5593 9893
5594 7274
5595 6902
5596 3659
5597 5585
5598 3894
5599 2424
5599 5214
5600 1934
5600 2282
5600 4561
5601 2454
5604 6248
5604 9941
5605 5309
5605 7855
5607 2239
5608 3449
5608 6969
5609 3923
5610 123
5611 737
5611 8132
5612 1894
5612 3571
5613 3161
5615 3616
5615 9300
5620 5751
5622 4171
5623 1714
5623 6359
5624 6448
5625 1345
5625 6628
5627 973
5628 4123
5628 6083
5630 2
5631 9447
5632 1559
5632 3640
5634 1183
5635 1180
5637 7598
5638 2589
5639 2023
5640 675
5641 9183
5642 8482
5643 5798
5643 7267
5646 1561
5647 2845
5647 9777
5648 515
5648 3112
5648 4285
5652 5161
5652 8296
5652 9798
5653 5426
5653 9414
5654 7307
5655 5407
5656 6485
5657 224
5657 7125
5657 7224
5659 3842
5663 6951
5664 7262
5665 3870
5667 5682
5671 3140
5671 6906
5672 6251
5672 9826
5673 1617
5673 4963
5673 5513
5675 1549
5677 4115
5677 6504
5677 8604
5677 9618
5678 4495
5679 5069
5681 620
5682 1473
5683 285
5684 1623
5686 1623
5689 4910
5689 9200
5690 3939
5691 7532
5693 702
5693 1028
5694 8240
5695 6293
5695 6521
5696 9974
5699 1189
5699 2153
5699 6291
5701 2866
5703 1271
5706 903
5706 5054
5706 7599
5706 9402
5706 9863
5707 2377
5707 4768
5708 3186
5708 3992
5709 4472
5709 8022
5710 2480
5711 9238
5713 3500
5713 3956
5713 4592
5713 5828
5714 2784
5714 5509
5715 1027
5715 3446
5716 1591
5716 7435
5717 8604
5719 2945
5720 3699
5720 6247
5722 465
5722 6145
5722 8178
5724 2641
5725 2766
5727 1421
5728 4556
5728 8682
5729 7786
5730 5920
5730 6497
5730 9864
5731 8545
5732 707
5732 6031
5735 774
5736 7321
5736 7545
5739 6375
5740 7824
5741 253
5741 4705
5742 4058
5742 6741
5743 5354
5745 3402
5745 7336
5746 619
5746 839
5746 4375
5747 2220
5747 3302
5748 7891
5750 966
5751 2148
5751 9803
5753 5183
5754 311
5754 1643
5754 2735
5754 2890
5754 9183
5755 837
5755 6393
5755 8521
5756 5336
5756 6207
5756 8757
5757 416
5758 1546
5759 3441
5760 9828
5761 5544
5762 9518
5763 8171
5764 3782
5764 4546
5767 1930
5769 3937
5769 6119
5770 887
5774 2228
5774 3753
5774 7487
5775 496
5775 6076
5775 7008
5776 8922
5779 3665
5779 6188
5781 4568
5782 6286
5783 6273
5784 3197
5786 6999
5786 9735
5795 5442
5796 5276
5798 6051
5798 8587
5800 5961
5800 9149
5801 6773
5801 7608
5802 2219
5803 2214
5803 9937
5806 7061
5807 1059
5807 8458
5808 1601
5809 6014
5809 7821
5810 1690
5811 1400
5812 6195
5814 9939
5816 4229
5817 7643
5819 2736
5819 3956
5819 6922
5819 8109
5821 3825
5821 5385
5821 8088
5821 9807
5822 201
5822 695
5823 7313
5824 2576
5824 4301
5824 7309
5824 7344
5827 3335
5833 843
5833 9516
5834 1900
5834 7089
5839 2477
5839 3002
5839 5609
5839 7260
5840 3389
5841 467
5841 2087
5842 568
5842 2366
5843 7037
5844 5524
5844 8668
5844 9892
5845 7581
5846 3440
5847 3113
5847 7269
5849 3812
5849 4798
5850 993
5850 9208
5851 8204
5851 9499
5853 4325
5855 2172
5855 4769
5855 5294
5855 7803
5857 9964
5859 4545
5859 5589
5859 9370
5861 3891
5864 1241
5865 432
5866 2331
5869 7239
5870 5202
5871 3074
5871 7966
5872 4628
5872 5103
5873 8580
5874 56
5874 3318
5874 9175
5876 5293
5876 9131
5877 378
5880 4895
5880 7406
5881 9159
5882 9187
5883 427
5883 8600
5885 659
5886 6446
5888 4397
5888 8479
5890 2070
5891 424
5892 1996
5892 3902
5893 4351
5893 7845
5893 9207
5894 413
5895 4872
5895 5393
5895 8610
5897 6664
5898 2252
5898 5902
5898 8174
5900 6924
5901 2582
5902 9636
5904 1819
5904 6360
5905 4062
5905 9584
5906 2683
5906 6509
5907 6721
5907 8493
5907 9465
5908 2812
5908 9007
5910 2647
5910 9407
5911 3926
5911 4344
5914 3948
5915 1863
5917 4039
5917 8468
5918 1999
5920 5083
5921 3465
5921 6095
5922 9467
5924 92
5924 5523
5924 7774
5925 2754
5925 7073
5926 4088
5928 1719
5934 9696
5936 6804
5936 7069
5937 6191
5938 5027
5939 7112
5939 8821
5941 5357
5943 547
5943 1998
5943 3084
5946 7179
5946 7673
5947 2610
5947 3781
5948 1626
5948 8165
5948 9655
5949 5404
5950 9130
5951 6229
5952 4181
5952 5520
5954 9119
5955 80
5956 1070
5956 2282
5958 5798
5959 2334
5959 6047
5959 7114
5961 342
5961 2889
5962 1296
5962 1513
5967 3148
5967 4328
5967 7240
5967 8586
5969 2777
5970 449
5971 9634
5972 9297
5973 3172
5974 4354
5974 4697
5974 8629
5977 9207
5980 1342
5980 3523
5981 61
5983 5033
5983 9190
5983 9965
5984 1100
5984 3089
5985 9386
5986 5612
5986 7394
5986 8191
5988 3112
5990 3552
5990 7642
5992 2862
5994 3461
5995 1156
5995 4831
5996 2977
5998 5761
6001 5970
6002 1280
6002 3527
6002 3571
6002 7083
6003 4822
6004 3364
6004 7312
6004 8604
6007 3781
6007 9625
6008 628
6008 1364
6008 7563
6011 9312
6014 5753
6015 4380
6015 8723
6018 1431
6018 5780
6020 2002
6021 1327
6021 4599
6021 5270
6023 1379
6024 181
6026 2904
6026 3634
6026 5383
6026 7598
6028 7406
6028 8888
6029 2297
6029 3859
6030 5925
6030 6769
6033 8020
6034 767
6034 4027
6035 3251
6036 3820
6037 4471
6039 2679
6041 1617
6043 7250
6044 4072
6044 8271
6045 6812
6046 244
6046 5183
6046 7340
6047 8301
6048 8620
6050 4876
6051 5026
6051 7584
6053 5702
6053 8618
6054 4815
6055 6134
6057 5872
6059 219
6059 9195
6060 638
6060 5610
6060 7792
6061 2535
6061 3053
6062 6752
6063 2010
6063 5824
6063 6902
6063 8074
6063 9867
6064 4000
6064 4994
6065 1359
6065 5822
6066 2428
6066 5822
6068 1794
6068 8982
6070 6554
6072 6199
6072 7906
6072 9048
6073 450
6074 9105
6075 8484
6076 6736
6076 8707
6077 4401
6077 8746
6080 4519
6083 495
6085 1260
6086 2543
6087 7408
6088 3184
6088 7952
6088 9422
6089 4357
6089 6354
6090 9151
6091 6400
6091 6858
6092 1329
6092 9695
6094 901
6095 1948
6095 2988
6096 6928
6098 138
6099 629
6100 2366
6101 2502
6104 5184
6104 5383
6105 6637
6106 4270
6107 9910
6108 2752
6108 4109
6108 8885
6112 9170
6119 1129
6119 3512
6119 8189
6120 430
6121 4588
6126 572
6126 4171
6127 875
6127 1309
6128 3626
6129 7667
6130 424
6131 405
6132 5495
6133 82
6134 6365
6135 8757
6137 1999
6141 2755
6141 6215
6142 4860
6143 8273
6144 882
6145 156
6146 8268
6147 148
6147 5444
6148 8758
6148 9980
6149 420
6149 4983
6150 1375
6152 1115
6152 5838
6153 7064
6157 1611
6159 1722
6159 5651
6159 6912
6160 3227
6161 906
6162 4088
6162 5450
6162 6461
6162 7654
6163 1626
6164 6318
6164 7255
6168 8287
6169 3654
6169 5724
6171 4953
6172 1893
6172 2052
6174 4035
6175 3521
6176 587
6177 8826
6178 8928
6179 7209
6179 8955
6180 2200
6180 8003
6181 9393
6182 1737
6182 8142
6183 2307
6185 9770
6188 253
6189 412
6189 4733
6190 5488
6192 4232
6201 4370
6207 1306
6207 1929
6207 2608
6207 8598
6209 4532
6210 8432
6211 553
6212 1246
6213 2476
6216 8428
6216 8612
6221 2332
6222 2658
6222 7408
6224 2762
6227 6094
6230 5195
6231 5486
6232 432
6232 6963
6233 3086
6234 3679
6235 2840
6235 2943
6237 6908
6239 3580
6240 4079
6241 4647
6241 8551
6242 2880
6243 3767
6243 4296
6243 9471
6246 5723
6247 5053
6250 2844
6252 60
6254 252
6254 1778
6255 9290
6256 4161
6258 8849
6259 2574
6260 3796
6262 5662
6263 3646
6264 8032
6265 2175
6265 4608
6266 1846
6268 1715
6270 7965
6271 7238
6273 9193
6274 5683
6274 7022
6275 7035
6276 1434
6277 1033
6277 1055
6278 618
6278 3586
6278 5666
6278 7637
6279 947
6279 8598
6280 1981
6281 4023
6281 7005
6281 9874
6282 6757
6283 7290
6284 1771
6285 4026
6286 5119
6289 3844
6289 7317
6290 6205
6293 2608
6293 6559
6293 8924
6295 147
6295 2014
6296 382
6298 2829
6299 4
6300 423
6300 6534
6302 2596
6302 3143
6303 2836
6303 7010
6304 2567
6305 6293
6305 8354
6306 1403
6307 1902
6308 7473
6308 8423
6309 3682
6310 2364
6310 5403
6317 2696
6317 4568
6317 8591
6318 7415
6319 1211
6321 1082
6321 6237
6321 9059
6322 4634
6323 1496
6324 7111
6325 822
6326 534
6328 7386
6329 1163
6329 8563
6330 1744
6331 8472
6332 3144
6333 9151
6335 9824
6337 4842
6338 6157
6338 7632
6339 4509
6339 7324
6341 987
6342 3336
6342 7785
6344 3971
6344 6053
6347 7704
6350 1634
6352 1964
6352 4127
6353 7811
6354 9939
6356 3809
6357 5512
6358 9354
6359 3109
6360 261
6360 574
6360 1675
6362 2149
6362 2912
6362 4328
6363 8563
6364 7423
6365 2392
6365 4065
6365 6723
6367 538
6368 322
6368 2036
6370 5052
6370 7804
6371 1466
6371 5976
6371 6811
6371 9193
6373 5590
6373 5741
6374 4329
6375 2868
6375 3237
6375 6374
6378 544
6379 8912
6380 4613
6380 6683
6381 6671
6382 1496
6382 1703
6382 8265
6383 5240
6384 2801
6384 5867
6387 2458
6387 3029
6387 3939
6388 5053
6389 673
6391 1007
6391 4097
6392 3610
6394 6780
6395 9760
6396 372
6396 4366
6398 8469
6402 4081
6402 9340
6403 1219
6409 5225
6411 2161
6411 8054
6416 2121
6416 8739
6416 9722
6419 1537
6421 7295
6422 1400
6422 2313
6423 1130
6424 4229
6426 3897
6427 9901
6429 1367
6429 8284
6430 1973
6430 9382
6432 7850
6433 1032
6433 4548
6433 6208
6436 1550
6436 1941
6436 3512
6436 8499
6437 617
6437 1598
6437 8412
6438 1066
6439 6667
6442 7931
6443 5247
6444 291
6444 948
6444 2698
6444 4895
6445 7767
6445 9956
6447 1717
6447 5035
6448 7115
6448 8273
6453 4921
6453 9469
6454 239
6455 8576
6456 1089
6458 4802
6460 7254
6461 9481
6462 1641
6462 2411
6462 8686
6463 2457
6463 4443
6464 9345
6465 7557
6466 3443
6467 741
6467 1261
6468 4240
6468 8967
6470 6649
6473 1701
6474 9194
6475 2893
6475 7161
6476 9661
6477 7104
6478 3947
6478 4272
6478 4561
6478 4882
6479 530
6480 1187
6481 6660
6483 690
6486 5302
6486 7559
6487 4241
6488 7931
6490 1215
6490 4044
6490 8380
6491 9158
6492 4172
6493 8914
6495 5024
6496 1227
6497 2711
6497 9204
6501 9678
6502 4128
6502 8720
6505 427
6506 6344
6508 7053
6510 6847
6510 7433
6510 9134
6511 4046
6511 7538
6513 4897
6514 861
6514 1041
6514 7082
6514 8625
6515 802
6515 2371
6515 4849
6515 7097
6515 8421
6516 75
6516 8583
6517 9349
6519 3121
6519 5687
6519 8304
6519 9690
6520 2059
6521 1964
6521 7622
6525 2433
6529 8012
6531 3335
6531 3594
6531 7206
6531 8702
6532 277
6534 1531
6534 6432
6536 2808
6537 6423
6538 307
6540 6257
6541 146
6541 6800
6544 1868
6546 3369
6547 3719
6547 5642
6547 6632
6547 7213
6547 9535
6548 304
6549 2459
6550 5628
6551 4719
6552 1627
6552 8122
6552 8926
6553 822
6554 4351
6555 7798
6555 9148
6556 4246
6557 2940
6558 3724
6560 1865
6561 8005
6562 3390
6563 1167
6563 1277
6564 1352
6564 1652
6564 2634
6565 6468
6567 4918
6567 8529
6567 9324
6568 964
6570 5522
6570 8959
6572 7716
6573 8064
6573 8468
6574 9979
6575 7710
6577 1477
6577 8577
6577 9462
6578 3064
6578 4086
6579 8086
6580 9807
6581 4138
6585 7995
6586 3722
6586 8212
6586 8881
6589 6339
6592 251
6594 936
6594 3419
6594 6534
6595 9470
6602 4316
6603 742
6604 3349
6604 4155
6605 9823
6606 1178
6607 4603
6607 5634
6607 6349
6608 3401
6610 916
6611 3124
6611 9196
6613 4729
6614 7314
6614 9288
6615 4098
6616 4870
6616 6159
6617 6356
6618 1976
6618 9236
6619 8517
6620 7959
6620 9880
6621 5877
6622 3069
6622 8040
6624 5533
6624 8987
6625 3511
6627 2415
6627 6012
6628 9523
6630 8239
6632 1718
6632 5788
6633 5355
6633 7191
6634 2257
6634 9004
6637 2147
6637 3788
6641 969
6642 2792
6642 6139
6644 1287
6646 2063
6647 111
6647 4505
6647 5718
6648 5255
6648 6324
6649 4963
6650 2762
6651 4514
6652 4857
6654 7653
6656 377
6657 5234
6657 5482
6658 1342
6660 8160
6662 5058
6664 2516
6669 6813
6671 7335
6671 8624
6672 7623
6673 414
6673 3593
6674 1203
6674 4338
6675 3417
6677 4473
6677 6268
6677 9528
6680 7993
6681 6287
6682 5447
6684 5883
6686 2988
6687 983
6687 4791
6688 6367
6688 8391
6688 8436
6689 2467
6689 2670
6689 6606
6689 7144
6689 9461
6691 1244
6693 9630
6694 415
6694 3133
6694 5968
6695 8346
6696 9172
6698 4300
6700 1729
6702 490
6703 3327
6706 5302
6708 2907
6708 9748
6709 1102
6709 3934
6709 4197
6709 7179
6709 7237
6712 3495
6712 4180
6712 8273
6714 3124
6714 3140
6714 4334
6714 8645
6715 3406
6717 4675
6722 1381
6723 617
6723 866
6725 6882
6726 2598
6726 4301
6729 5113
6729 7417
6729 7466
6730 8670
6731 7872
6732 4850
6732 9139
6736 1099
6736 7666
6737 1560
6737 6799
6737 7497
6737 7815
6739 6250
6743 4262
6744 4904
6744 8553
6745 8012
6750 3512
6751 4053
6751 6454
6751 9588
6752 5588
6753 4466
6753 6808
6754 8754
6755 2150
6757 1343
6758 5488
6760 4712
6761 168
6761 2982
6765 594
6765 5633
6765 7865
6767 1985
6767 8126
6768 6747
6770 6500
6771 7539
6773 7778
6775 651
6775 9128
6777 8117
6780 4729
6780 6801
6781 6742
6783 2716
6783 2935
6784 7496
6785 2382
6785 4459
6785 7957
6786 9
6787 2831
6788 6582
6789 367
6790 5900
6795 9086
6796 2812
6797 8449
6798 8479
6799 811
6799 5094
6800 2919
6801 4486
6801 6477
6802 1313
6802 8796
6804 3207
6804 8093
6807 7252
6809 4498
6809 6166
6810 5885
6811 4036
6811 6319
6812 2675
6812 8113
6814 117
6814 2892
6815 1114
6815 1683
6817 2399
6818 537
6819 8141
6822 3891
6823 9732
6825 213
6825 3892
6825 7660
6827 4322
6827 8778
6828 2063
6828 8151
6833 6835
6834 3108
6834 4018
6834 8102
6834 8408
6834 8805
6835 2259
6836 2816
6836 4710
6837 427
6838 278
6838 1156
6839 91
6839 2574
6840 5394
6841 2565
6842 8759
6843 5369
6844 2035
6844 8134
6845 2871
6845 9833
6846 1144
6846 3456
6846 7076
6847 3161
6847 5324
6850 95
6851 900
6851 4235
6851 4402
6852 9489
6854 251
6854 605
6856 2555
6856 7777
6856 9301
6861 4941
6862 2495
6862 4700
6862 5448
6862 5936
6862 6130
6863 308
6863 2258
6863 9047
6865 2810
6866 575
6867 7027
6868 1242
6868 1859
6868 6394
6868 7704
6869 8072
6869 8821
6870 8251
6871 4645
6871 5281
6871 7475
6872 5718
6874 6421
6876 4829
6876 5775
6877 86
6877 3371
6877 7267
6878 4560
6878 4565
6880 7738
6880 8598
6880 9429
6881 1232
6882 1550
6882 2142
6882 3096
6882 9414
6883 8223
6883 9982
6884 2600
6884 7077
6887 4123
6887 9458
6888 2953
6888 4866
6889 839
6890 5957
6891 2667
6892 6785
6894 9431
6896 2427
6896 9366
6898 5811
6898 6283
6899 3488
6900 1297
6900 6675
6901 5090
6902 2320
6903 4766
6905 708
6905 792
6905 3804
6905 7055
6906 9995
6907 6580
6908 5468
6909 577
6909 8090
6910 2169
6910 8919
6910 9920
6912 9164
6913 8060
6917 606
6917 4858
6917 8501
6919 8550
6926 1792
6927 627
6927 5548
6928 393
6928 3429
6929 2102
6929 2811
6930 1365
6930 3826
6931 1924
6932 2414
6933 870
6937 2966
6938 2109
6939 7113
6941 5402
6945 8738
6946 4671
6946 5111
6947 5772
6948 2590
6949 7534
6949 9516
6950 7948
6951 657
6951 5689
6952 7180
6955 2261
6957 2321
6957 9875
6958 1236
6959 6857
6961 1604
6963 9929
6964 3212
6964 6204
6964 7790
6965 2
6966 4431
6966 5606
6967 4961
6967 8326
6968 5510
6968 5936
6970 2453
6974 388
6976 5108
6977 1722
6977 8668
6980 1332
6982 5434
6982 6855
6984 9058
6985 3341
6986 4753
6986 7233
6988 5831
6988 8272
6989 4195
6990 2247
6991 9264
6993 5255
6993 6223
6993 8937
6993 9613
6994 3190
6994 4041
6994 7211
6995 8206
6997 1414
6999 2952
7004 2905
7006 199
7007 3489
7007 4916
7009 9141
7011 8687
7013 6296
7014 1897
7014 7809
7015 1890
7015 9432
7016 8245
7021 1922
7021 2862
7021 6046
7023 1675
7024 7920
7025 786
7025 1304
7026 4473
7027 4703
7028 4714
7030 154
7030 2336
7032 8023
7033 448
7033 990
7033 3345
7034 1228
7034 5116
7034 8270
7037 1163
7040 9761
7041 1237
7042 5204
7042 7522
7042 9779
7043 9727
7044 1791
7044 6779
7044 8847
7045 7116
7048 5946
7049 222
7049 3156
7050 115
7050 1180
7050 6535
7052 7383
7052 8109
7054 9023
7055 810
7056 343
7057 5429
7058 1483
7058 5573
7061 4285
7062 6889
7064 3442
7064 7304
7065 244
7066 4900
7066 6555
7069 8263
7070 9472
7072 6116
7072 6865
7072 8817
7073 7115
7073 7684
7075 5136
7077 1758
7078 1454
7079 2210
7079 5516
7080 3256
7081 4905
7081 5825
7082 8409
7084 3225
7086 6048
7088 8165
7088 9593
7090 8496
7092 7785
7093 2370
7093 4510
7094 6507
7095 1373
7095 6571
7100 8607
7101 2755
7102 1629
7103 1485
7103 1532
7103 9713
7104 490
7105 8031
7106 1178
7106 4741
7107 311
7107 8705
7108 8067
7114 5173
7114 9799
7115 2879
7119 2046
7120 6418
7120 8301
7123 2501
7124 217
7124 6539
7126 4164
7126 4436
7126 7938
7126 9445
7127 484
7128 7013
7129 5865
7130 7617
7131 2703
7132 1563
7133 2069
7135 4149
7135 8226
7136 2032
7136 5030
7138 4487
7139 6647
7140 2781
7141 4614
7143 3884
7144 2633
7144 4876
7144 8478
7146 451
7146 6200
7147 180
7147 411
7147 4202
7148 9088
7149 55
7149 8592
7150 7532
7151 3200
7152 6067
7152 9005
7156 2864
7156 8700
7157 4808
7157 8290
7158 1762
7159 2230
7159 7304
7160 5965
7163 4324
7163 6692
7163 6875
7164 173
7166 1929
7166 4032
7168 8381
7169 9606
7170 1465
7170 3120
7170 4955
7171 5276
7172 3925
7172 7476
7173 4459
7173 9178
7174 5254
7175 7653
7176 1596
7177 2185
7177 8132
7179 8385
7180 6612
7181 49
7181 5614
7181 7403
7182 4471
7183 2654
7183 9111
7184 7327
7185 4627
7185 5823
7188 5535
7188 7399
7188 9593
7190 3161
7190 8580
7194 2399
7194 4246
7194 5098
7194 5730
7195 6178
7196 9731
7197 6992
7198 5288
7198 5928
7198 8440
7199 846
7199 6345
7200 531
7200 9267
7200 9895
7201 7827
7208 7936
7209 8118
7210 2115
7210 9712
7212 2331
7212 4714
7212 9917
7213 3036
7215 2472
7215 4938
7216 26
7217 487
7218 46
7219 5536
7219 5639
7221 1234
7221 5803
7223 4214
7227 4052
7227 5069
7228 411
7228 1550
7229 4769
7232 2677
7233 4146
7233 6061
7235 760
7235 5190
7238 4369
7239 3413
7242 5322
7242 8420
7244 5011
7244 9263
7245 134
7245 5663
7245 8134
7245 9274
7248 5404
7251 1006
7251 4362
7253 4346
7253 8660
7254 1066
7254 5908
7255 4416
7256 7963
7257 1298
7257 4660
7257 8497
7258 7561
7258 9243
7259 2923
7259 3748
7260 87
7260 555
7261 38
7261 106
7261 4336
7264 761
7264 5861
7264 7812
7265 798
7265 2074
7265 3709
7265 3948
7266 8804
7267 162
7267 1453
7267 3560
7268 462
7268 7686
7268 8409
7270 7487
7272 8337
7273 2874
7275 3570
7275 4279
7276 7618
7277 953
7277 2618
7278 1888
7278 4311
7279 2472
7279 7700
7284 7965
7285 4143
7287 1075
7288 900
7288 4253
7288 5846
7289 542
7290 3303
7290 4384
7290 6050
7290 6538
7292 1588
7293 702
7294 7563
7295 2298
7296 6415
7297 2742
7298 1290
7298 3922
7299 1354
7301 3152
7302 5404
7302 6166
7302 7539
7303 7634
7304 4454
7304 6005
7304 6247
7304 8051
7304 8605
7304 9547
7305 482
7306 3809
7307 9456
7308 5337
7309 1237
7310 2001
7310 9131
7311 8167
7312 3666
7312 5177
7313 6773
7313 8805
7314 3570
7314 3943
7314 4750
7314 9939
7315 9649
7316 1230
7316 5628
7317 8862
7318 7838
7319 3654
7320 6467
7320 9664
7321 1725
7323 5932
7324 8678
7325 222
7328 2585
7329 7818
7330 5956
7331 3172
7331 5527
7332 4079
7332 4528
7332 8181
7334 3923
7335 3063
7335 4506
7336 868
7336 6086
7337 6434
7337 7095
7337 8539
7339 5266
7340 3678
7341 5764
7342 4856
7342 6778
7343 1647
7343 5201
7346 7684
7347 351
7347 1733
7348 6868
7348 6912
7348 7992
7349 8065
7353 5870
7353 8058
7354 5254
7356 242
7356 440
7356 8963
7357 4989
7358 5197
7358 5890
7358 7171
7360 334
7362 3873
7362 4568
7362 8667
7364 2448
7364 5564
7365 402
7365 3816
7366 8599
7366 8864
7368 4339
7369 2680
7371 2507
7371 2617
7371 2719
7371 5004
7371 8941
7372 5000
7373 6757
7373 9734
7375 2228
7375 3336
7375 4550
7376 903
7376 7956
7378 2883
7380 1342
7381 964
7383 3395
7383 4644
7385 938
7386 4460
7387 7091
7388 3218
7388 4236
7388 9507
7390 1159
7392 5565
7393 1596
7394 6521
7395 8184
7398 3934
7398 5677
7399 828
7400 6889
7400 7558
7402 8660
7404 2325
7405 144
7405 3647
7405 9092
7405 9141
7407 5264
7407 8430
7408 2972
7408 9727
7410 4739
7415 3747
7415 6530
7418 2163
7419 1897
7419 4820
7423 4127
7424 1688
7424 3983
7424 8231
7425 1921
7425 9059
7427 588
7428 6250
7429 1408
7429 6925
7431 5744
7431 6765
7432 631
7432 5594
7433 871
7433 2569
7435 2018
7436 7259
7439 5003
7439 7122
7440 8697
7441 7727
7443 6173
7443 8161
7444 348
7444 3529
7444 8761
7445 5784
7445 9695
7446 792
7447 2552
7447 7288
7448 4714
7450 9665
7450 9725
7451 4918
7451 5728
7452 539
7452 8976
7454 5757
7455 4346
7457 8397
7457 8938
7458 288
7458 1188
7459 1358
7461 2029
7462 3440
7463 7920
7464 287
7464 3072
7465 885
7465 8456
7467 2182
7468 2918
7468 7686
7469 640
7471 5028
7471 8062
7472 5692
7473 2310
7473 4697
7473 5129
7474 559
7474 2378
7474 2870
7476 335
7476 505
7476 1784
7478 6945
7480 1183
7480 4781
7481 9169
7482 1317
7483 5449
7485 8812
7486 400
7486 2229
7486 3629
7487 142
7487 1072
7487 5765
7488 3486
7488 7554
7489 6278
7490 7060
7491 4830
7491 7311
7492 4800
7493 7744
7494 9079
7495 138
7496 1347
7496 6362
7497 482
7500 1505
7500 6879
7502 1510
7505 4934
7506 2279
7508 9326
7509 3421
7511 4059
7511 4758
7512 9044
7512 9169
7514 4502
7516 6599
7517 1406
7518 2314
7518 3818
7518 5507
7518 9781
7519 171
7519 6995
7519 8197
7521 4165
7521 6154
7522 5099
7522 6249
7522 9455
7523 6475
7524 2990
7524 3576
7524 7114
7525 1636
7525 6725
7526 2433
7529 3633
7531 3721
7532 2089
7533 1448
7534 120
7535 5480
7536 8825
7536 9524
7538 382
7538 3716
7538 5609
7541 4003
7541 5262
7541 6653
7541 8362
7541 9193
7542 4823
7543 861
7543 3934
7544 2762
7544 5423
7546 2478
7546 7288
7548 727
7549 6669
7550 3297
7551 8047
7552 7980
7552 9742
7553 4700
7553 5169
7554 411
7554 4341
7555 7302
7555 9131
7556 8121
7557 6017
7561 4612
7562 2053
7562 6186
7563 4535
7565 105
7565 1118
7565 4373
7566 2942
7567 1149
7571 3530
7571 7621
7572 719
7573 7709
7574 9289
7576 2342
7576 3409
7576 7123
7577 3610
7577 9273
7579 6499
7580 256
7580 5864
7582 2372
7582 4422
7583 7048
7584 1427
7587 9302
7588 2387
7590 5412
7591 6050
7592 8485
7593 8252
7594 2106
7594 7269
7595 4983
7595 5495
7596 3299
7596 3838
7596 8177
7602 4373
7602 6445
7603 351
7603 2511
7606 4162
7607 3052
7609 5805
7610 2838
7610 4505
7610 6092
7610 6998
7612 3370
7612 4151
7613 568
7614 2894
7616 2992
7616 7155
7617 5014
7617 6109
7617 8571
7620 2863
7621 7135
7622 9462
7626 3477
7626 5715
7628 3433
7628 5680
7632 638
7633 4941
7634 4381
7635 3554
7638 836
7639 7259
7639 8675
7643 1961
7644 4694
7645 3569
7646 9540
7647 5132
7649 1102
7652 6836
7654 6654
7654 7625
7657 1238
7658 4630
7658 5729
7659 1843
7665 3635
7667 3377
7670 335
7673 380
7674 987
7675 4810
7676 4467
7676 5149
7677 9418
7679 4888
7680 9650
7681 4519
7683 4170
7683 6362
7684 6420
7685 1374
7685 3733
7686 9122
7687 5332
7689 1884
7689 2478
7689 4961
7689 6349
7690 1938
7690 2760
7691 7892
7692 3672
7692 5750
7694 7817
7695 7461
7695 8505
7696 8743
7697 875
7697 4945
7697 6339
7697 9557
7698 5049
7699 103
7701 5768
7701 9826
7702 4800
7702 6654
7703 4176
7703 5344
7706 2360
7706 2912
7708 5127
7708 6650
7709 3184
7709 4297
7711 6275
7712 2491
7712 3819
7712 6288
7713 5451
7714 500
7714 1269
7715 4431
7716 990
7716 3851
7717 3993
7718 5538
7718 7860
7718 8294
7719 8223
7721 8689
7723 5566
7724 7354
7725 5494
7725 9750
7727 4801
7730 2130
7730 2469
7732 1492
7736 8546
7737 8248
7738 6465
7740 9913
7742 1343
7743 1515
7744 193
7744 3026
7745 4135
7746 3193
7746 5752
7747 3520
7747 6911
7748 6384
7748 6695
7749 7578
7750 1162
7750 7145
7751 7496
7751 7594
7755 4809
7759 2324
7759 5271
7762 452
7763 7424
7764 3123
7764 4118
7764 8341
7766 8935
7767 4051
7769 192
7769 7016
7770 311
7771 5096
7771 7906
7772 2116
7773 338
7774 6745
7774 6924
7775 6225
7775 6457
7776 4692
7777 3415
7777 4228
7777 7786
7777 9864
7778 242
7779 6127
7780 2141
7780 9618
7783 507
7784 4298
7784 6697
7787 18
7787 1984
7787 7816
7788 7210
7791 6365
7794 1123
7794 7592
7794 7717
7794 9209
7795 4772
7795 9928
7796 2245
7796 8723
7799 9625
7800 1118
7800 1922
7801 3594
7802 297
7802 7030
7803 6872
7803 7975
7805 5546
7805 7063
7807 8593
7808 4658
7808 7037
7812 6328
7814 7117
7815 1514
7816 1749
7816 9621
7817 2691
7818 6220
7819 6275
7820 411
7820 5816
7821 1492
7823 302
7823 6504
7825 5952
7825 8720
7826 1908
7827 5558
7828 2150
7828 8089
7831 8384
7832 2362
7834 5367
7834 5999
7835 2621
7836 7054
7837 1709
7840 1751
7840 2179
7840 8304
7841 2500
7841 5433
7842 4329
7842 4940
7843 3202
7843 5567
7843 8480
7844 702
7844 6886
7845 2430
7848 424
7848 2726
7848 3599
7848 6725
7848 9784
7851 6236
7852 2398
7852 6133
7855 159
7856 5697
7857 6302
7858 1595
7858 2721
7858 4286
7858 4456
7858 4964
7858 7600
7859 5881
7860 450
7860 4228
7861 3590
7862 3600
7863 432
7863 4049
7864 9117
7865 9442
7865 9907
7867 3400
7867 4856
7868 5808
7871 3108
7875 1872
7875 9124
7876 8857
7877 6094
7879 6454
7880 7411
7881 6659
7881 9907
7882 808
7883 4304
7884 4614
7884 7877
7885 3445
7887 2210
7888 5031
7889 3920
7890 3516
7890 5267
7891 4078
7891 5942
7893 1146
7893 1435
7893 7201
7893 9973
7894 3611
7895 5960
7896 4863
7897 8724
7902 3239
7903 5592
7904 926
7904 9713
7905 5331
7906 2213
7908 4179
7908 7068
7911 6617
7911 7399
7912 606
7913 756
7913 2065
7918 1349
7918 1807
7918 8331
7919 3666
7920 5475
7920 7673
7922 4256
7923 2326
7926 5836
7926 9662
7927 2065
7928 2759
7929 2226
7932 1106
7933 4696
7934 174
7934 5351
7935 6257
7935 9292
7936 6816
7938 1259
7940 3218
7940 8973
7941 255
7941 4919
7941 6647
7942 3102
7943 4903
7943 6688
7944 3501
7945 3364
7945 3754
7945 5628
7948 4246
7948 5877
7949 6586
7949 9840
7950 3790
7951 7488
7951 9856
7953 2486
7956 7486
7957 566
7958 3558
7959 1393
7960 4307
7960 8115
7960 9673
7962 2786
7962 9525
7966 3030
7969 1211
7971 1720
7972 2577
7972 5235
7972 7987
7976 9470
7977 7672
7977 7676
7978 9351
7981 3304
7985 7283
7985 7869
7986 7666
7987 357
7987 6912
7991 9745
7993 1666
7993 5265
7998 8034
7998 8769
8001 8891
8002 4968
8003 6395
8003 8279
8003 9405
8006 2398
8008 4217
8010 3211
8011 216
8012 9459
8013 3904
8013 6317
8014 4680
8014 6956
8017 1978
8018 82
8018 2850
8018 4333
8018 8344
8019 2884
8019 8037
8021 4614
8024 9666
8025 3326
8027 5105
8029 3388
8030 1938
8031 79
8034 7647
8034 9451
8035 593
8035 9740
8036 7143
8037 6571
8038 3371
8040 4114
8041 7368
8045 2793
8045 3724
8045 6841
8046 7619
8047 7108
8047 9510
8049 4986
8051 1336
8051 2880
8053 1751
8053 5811
8053 5982
8056 2221
8057 5518
8057 9479
8059 7361
8060 632
8062 7454
8063 4489
8063 5227
8063 9251
8064 2181
8064 4376
8065 1160
8066 1170
8066 7558
8070 8481
8071 3708
8071 4056
8072 1031
8072 3057
8075 6144
8076 1090
8076 7279
8079 1924
8080 2606
8080 6922
8081 1185
8083 3394
8085 8440
8086 9122
8086 9288
8087 1437
8087 3385
8088 5527
8089 1462
8089 5200
8090 3964
8090 9640
8091 9883
8094 2401
8094 9229
8095 3074
8097 3777
8098 3507
8100 6743
8103 9476
8105 7829
8106 3018
8106 4857
8109 6803
8110 4754
8110 5956
8111 891
8111 1280
8112 1443
8112 2969
8112 4441
8113 3119
8113 5366
8114 3699
8115 1922
8115 2178
8116 2564
8117 7925
8118 4094
8118 4722
8118 5610
8118 8726
8119 3497
8119 7361
8120 8636
8121 738
8121 2960
8122 1911
8122 2483
8122 5567
8124 7455
8125 3755
8126 4648
8126 7351
8127 3728
8128 1832
8128 3274
8129 352
8129 9271
8130 2745
8131 994
8133 3651
8136 4421
8136 6015
8136 6778
8137 8356
8138 2060
8138 2649
8138 4776
8142 8638
8143 8149
8144 6450
8144 9900
8145 2864
8146 9925
8147 2054
8147 2132
8148 7281
8150 3291
8153 339
8153 4364
8153 5589
8157 8488
8160 906
8160 3893
8161 181
8163 5602
8164 5882
8165 2476
8165 2749
8166 1308
8167 8985
8168 5644
8169 4127
8170 2504
8170 6294
8170 7163
8170 8952
8170 9796
8171 3628
8174 4183
8174 5624
8175 8011
8176 2478
8176 8292
8177 5335
8177 7406
8180 7885
8181 6338
8183 20
8183 1062
8184 677
8184 793
8188 6609
8189 2049
8190 5762
8190 7467
8191 2331
8191 6410
8191 7232
8191 9646
8192 2667
8192 4524
8193 3855
8193 4402
8193 9824
8194 618
8194 1982
8195 780
8196 5365
8197 4166
8197 9938
8200 5599
8201 9941
8203 6330
8205 6801
8205 9011
8208 4900
8208 8967
8209 2593
8210 1990
8210 9838
8212 3383
8216 960
8216 7863
8217 5132
8217 9508
8218 1459
8218 9656
8220 2742
8223 3121
8223 8977
8226 251
8226 3130
8226 6264
8227 3823
8228 9115
8230 9210
8231 868
8232 4395
8232 5095
8233 1691
8235 6238
8236 4089
8237 2197
8238 818
8238 1982
8238 2098
8239 7354
8240 6747
8241 514
8241 1477
8243 3051
8243 6108
8245 6903
8246 2180
8248 280
8250 3116
8252 3771
8252 8007
8252 8052
8253 9707
8254 1046
8255 1768
8255 4930
8256 5294
8258 9270
8258 9463
8259 9727
8259 9907
8261 3045
8261 8073
8263 5448
8265 7126
8267 109
8269 9107
8271 771
8273 2268
8277 2019
8277 2092
8278 7571
8278 8645
8279 8126
8280 2900
8280 3704
8282 2248
8286 7775
8286 8704
8287 299
8288 440
8288 4503
8288 6604
8288 6666
8289 4577
8289 8869
8292 404
8293 1348
8295 1534
8296 3904
8297 1731
8298 2296
8299 4436
8300 9743
8304 2544
8304 3088
8304 5848
8305 1049
8305 2092
8307 1163
8307 1989
8307 3279
8307 4441
8308 1083
8308 1712
8308 8864
8309 2595
8313 2801
8313 4293
8314 81
8314 4071
8316 2905
8317 6857
8319 1515
8319 4415
8320 6335
8320 8466
8323 4170
8324 9259
8325 438
8325 4678
8326 490
8327 7888
8327 9572
8329 9108
8330 5141
8331 8880
8333 3078
8334 5197
8336 6044
8337 615
8337 7488
8338 7295
8340 3095
8340 4925
8341 1835
8342 4007
8343 8407
8344 1253
8345 704
8345 3711
8345 6296
8347 2861
8348 1991
8348 6330
8349 4377
8349 8813
8350 8603
8350 8604
8351 8162
8354 9705
8355 4191
8355 8319
8358 6161
8359 1849
8359 3355
8360 6433
8360 8299
8361 4088
8364 5401
8366 3017
8366 4705
8366 5897
8366 6233
8367 443
8367 1559
8368 4848
8370 5311
8370 8772
8372 5948
8375 707
8376 9395
8379 9518
8381 6601
8381 9951
8383 170
8383 902
8383 7790
8383 9617
8384 5653
8385 4852
8387 8557
8389 1281
8389 8738
8390 103
8392 6354
8392 8021
8393 5274
8394 3639
8394 5260
8396 6453
8398 732
8398 7483
8400 1253
8400 8688
8400 9314
8402 5293
8403 222
8403 6156
8404 557
8404 5141
8405 2717
8405 5148
8406 2053
8407 4132
8407 5042
8409 2947
8410 440
8410 6555
8414 4482
8414 5477
8415 1394
8418 4210
8418 7876
8420 3361
8420 7521
8421 706
8421 6531
8423 120
8424 978
8425 3267
8425 7673
8427 598
8427 6850
8428 355
8429 5557
8430 2382
8430 4176
8430 9339
8431 5932
8431 7644
8432 59
8432 4885
8432 7439
8434 3413
8434 6194
8435 3718
8435 5146
8436 6400
8437 4146
8437 8314
8440 4006
8441 1282
8441 1515
8441 1715
8441 3612
8441 8930
8442 6737
8443 9602
8444 8211
8445 267
8445 4584
8447 3542
8448 5754
8449 8945
8449 9554
8450 5157
8450 8522
8452 9478
8454 4657
8454 6564
8455 6496
8455 8025
8456 326
8456 6430
8458 7610
8458 9695
8461 3002
8461 4285
8462 6978
8468 2082
8469 5575
8469 8607
8469 9328
8470 5840
8472 1529
8472 5931
8473 2646
8477 2828
8478 1111
8479 4634
8481 1230
8481 9495
8482 1278
8482 2360
8482 8172
8485 291
8485 7524
8486 1599
8486 1833
8486 6906
8487 3825
8489 333
8489 690
8489 2657
8492 6512
8493 7201
8493 9303
8493 9942
8495 2748
8496 9452
8497 1878
8497 7757
8497 8147
8499 1539
8500 2670
8500 7575
8501 3576
8501 6356
8502 6294
8503 2602
8504 2155
8505 900
8505 2520
8507 4729
8507 5996
8508 3234
8508 3793
8508 5196
8508 7237
8510 1443
8510 4226
8511 9693
8512 8148
8514 2562
8514 5803
8514 7235
8515 7415
8518 4348
8518 6745
8519 2822
8519 9516
8521 2378
8524 6153
8524 8568
8525 5979
8525 9963
8526 1761
8526 4899
8526 9112
8527 189
8527 1718
8527 1813
8527 9981
8528 1307
8528 8340
8529 7329
8530 2175
8530 5271
8533 3865
8533 9129
8533 9652
8534 4137
8538 3002
8539 5831
8539 8975
8541 3854
8542 9917
8545 1778
8545 3430
8546 531
8547 5490
8547 8901
8548 9101
8550 177
8551 4803
8552 9147
8553 1521
8553 4929
8553 6749
8553 8818
8555 957
8556 7550
8558 3224
8559 1314
8559 1875
8560 1095
8561 3619
8561 5183
8562 7598
8563 1305
8563 4503
8567 7114
8568 9678
8569 376
8570 3308
8571 8552
8572 3617
8572 6436
8573 6900
8574 6263
8574 9891
8575 3055
8578 6536
8579 951
8580 3905
8581 9456
8585 1843
8585 8428
8587 5897
8587 5946
8587 8043
8588 5351
8589 2961
8589 6878
8590 3036
8590 9342
8591 5044
8591 7661
8591 9144
8592 2860
8592 4856
8593 4873
8595 832
8596 1170
8596 1818
8597 3992
8597 5189
8597 6087
8599 4672
8601 9404
8602 8504
8603 5433
8603 7232
8605 865
8605 6882
8605 9124
8606 3958
8607 2448
8607 9069
8608 2096
8609 3463
8609 5100
8611 622
8611 5034
8615 5235
8615 9127
8615 9719
8616 4785
8617 4992
8620 4813
8626 9387
8628 3954
8631 4103
8631 7539
8632 2861
8634 250
8635 2265
8637 4148
8637 8461
8638 8956
8640 6501
8641 7492
8643 4987
8647 1029
8650 3269
8651 2617
8652 2377
8652 3072
8653 3962
8654 1123
8654 1835
8654 3511
8655 3684
8656 3571
8656 7572
8659 1501
8659 2615
8660 8265
8662 550
8664 3605
8664 9513
8665 5103
8666 3723
8666 6390
8667 7469
8668 1561
8668 1814
8670 1865
8670 4052
8672 9631
8673 4475
8674 2334
8674 8390
8676 2695
8680 4215
8680 5088
8680 5510
8680 7078
8681 9638
8685 6761
8685 8994
8687 2884
8687 5190
8689 4045
8691 4602
8691 5763
8693 1545
8693 9761
8695 6252
8695 7848
8695 8840
8697 5512
8697 9401
8699 3171
8699 8316
8700 1821
8700 3425
8702 859
8707 5177
8707 8304
8710 1880
8712 4484
8712 9809
8713 1980
8713 5077
8714 2574
8714 3308
8714 5809
8714 7239
8715 6832
8716 9411
8717 1963
8719 2750
8719 6534
8723 6356
8724 1496
8724 3431
8726 955
8726 2390
8727 4991
8727 6141
8727 7793
8727 8912
8728 8147
8731 2347
8731 5640
8732 195
8732 4863
8735 1726
8736 6944
8737 4289
8738 1389
8739 1772
8739 6790
8739 7175
8740 7288
8741 2460
8741 7817
8742 2106
8743 7529
8744 2956
8747 111
8747 3883
8747 7676
8748 3832
8748 4942
8752 402
8753 9660
8754 2184
8754 7989
8755 5318
8756 5361
8756 5496
8757 5932
8761 3304
8761 4313
8761 7243
8761 9623
8763 380
8763 7493
8766 8853
8768 6284
8773 1352
8773 7263
8774 8703
8777 3319
8778 1079
8778 2734
8779 2071
8782 8862
8784 7136
8784 8380
8785 182
8785 2027
8785 5226
8785 8597
8787 3519
8788 4217
8789 664
8789 9840
8790 3059
8791 5073
8794 847
8794 7454
8795 8517
8796 6953
8797 1749
8797 3944
8797 8385
8798 1541
8799 5302
8800 2400
8801 3734
8801 8485
8802 5092
8803 54
8803 9455
8804 2473
8804 5764
8804 9479
8807 3540
8807 5136
8808 2489
8809 7450
8810 5507
8811 8734
8813 9956
8816 3124
8821 561
8821 6296
8824 4811
8826 4794
8826 8885
8827 966
8827 4828
8829 2375
8829 9522
8830 4815
8831 4854
8831 8474
8831 9213
8832 712
8832 1712
8834 7352
8835 1114
8835 4580
8835 4758
8836 9436
8837 5436
8838 3024
8839 4213
8839 4762
8839 5206
8839 9616
8845 1669
8846 1062
8846 1537
8847 3705
8847 5706
8847 8462
8848 6934
8849 611
8849 3242
8849 6481
8849 8772
8852 1322
8853 6495
8855 3013
8856 4980
8856 9593
8858 4323
8859 6098
8859 6990
8860 9423
8861 1564
8863 8013
8865 5702
8867 4983
8868 4083
8868 8848
8869 8168
8872 6835
8873 199
8873 4811
8874 1337
8875 1116
8875 1995
8877 1890
8877 4753
8878 513
8879 3707
8882 2740
8882 4266
8883 9313
8884 5689
8885 361
8886 3369
8886 3628
8887 3954
8887 8412
8889 664
8891 1232
8891 3828
8891 8143
8894 9735
8895 8511
8896 444
8896 526
8896 7550
8897 9703
8899 6959
8901 4718
8902 6665
8903 480
8903 8454
8903 8957
8904 1593
8904 3481
8904 7788
8905 2246
8909 393
8910 2178
8910 4279
8910 4393
8913 5070
8917 1010
8918 129
8920 104
8921 9904
8922 676
8923 9920
8927 53
8929 133
8929 6336
8930 749
8930 1458
8930 9133
8933 4790
8933 6459
8934 7319
8935 539
8936 74
8936 7866
8936 9266
8937 9553
8939 9297
8940 756
8941 229
8942 5763
8943 3762
8945 5285
8947 279
8947 8502
8950 2145
8951 4273
8952 1640
8953 1378
8954 5963
8955 6694
8956 621
8957 849
8957 9155
8960 3758
8963 9878
8964 1409
8964 9388
8966 675
8967 2080
8968 9923
8969 1197
8969 9140
8973 4355
8973 8015
8974 1130
8975 9288
8975 9677
8976 1639
8978 7202
8978 8703
8979 7821
8981 973
8981 2428
8984 2628
8985 7192
8986 9047
8986 9584
8987 1749
8988 6441
8989 1117
8989 2012
8991 1537
8991 8712
8992 4526
8992 7504
8993 499
8993 5611
8993 9717
8994 338
8994 850
8995 2583
8995 7325
8997 6840
8997 7988
8999 3168
8999 3335
9000 1166
9000 5148
9001 3832
9002 7793
9006 654
9007 5327
9007 9243
9008 697
9009 197
9009 5844
9012 6400
9013 7901
9014 2090
9014 8228
9015 221
9016 2208
9016 8333
9017 3175
9018 263
9019 5918
9020 473
9024 82
9024 2695
9025 3210
9025 8662
9026 684
9026 6706
9027 529
9028 8981
9029 7900
9030 8786
9031 925
9031 1693
9032 895
9032 2945
9032 5856
9033 255
9033 2947
9034 587
9036 3498
9036 3790
9036 4975
9040 489
9041 2907
9045 4675
9046 1145
9046 6460
9050 5587
9050 8483
9051 1439
9052 7487
9053 3514
9054 402
9057 1165
9060 6240
9065 7209
9066 1079
9067 3959
9067 7893
9067 8792
9068 8053
9071 9418
9073 4762
9073 6474
9073 8606
9074 3246
9074 9491
9075 6765
9077 3134
9081 2459
9081 7042
9081 7428
9081 8045
9081 9210
9082 8460
9083 392
9084 3628
9086 3300
9087 3142
9088 2575
9088 4503
9088 7749
9088 8088
9089 9732
9090 372
9091 928
9092 7706
9093 5168
9095 1261
9096 1270
9097 6059
9098 2294
9099 7551
9100 1760
9100 3388
9101 3032
9101 5581
9101 8807
9103 5129
9104 949
9111 380
9111 2731
9113 3353
9115 6124
9115 6838
9116 6070
9117 8096
9119 9976
9120 3206
9121 8200
9123 4433
9124 2585
9125 5832
9126 9798
9127 1986
9128 2516
9130 509
9132 3880
9132 5627
9133 517
9133 4476
9133 5294
9133 8841
9134 6958
9134 7649
9136 3490
9137 1323
9138 6362
9140 4480
9140 7835
9140 9914
9142 521
9142 2111
9142 8438
9144 1753
9146 174
9147 33
9149 4095
9150 618
9152 3251
9153 5229
9154 6311
9157 5290
9158 1661
9158 2045
9158 6534
9159 6307
9160 8912
9161 3464
9162 652
9163 3372
9165 4192
9166 6212
9169 2404
9170 5913
9170 6418
9173 326
9174 3307
9175 2023
9175 5596
9176 299
9178 3207
9178 5507
9178 9697
9179 999
9179 1337
9180 8646
9181 1854
9183 4586
9185 2206
9185 5482
9185 5734
9185 7748
9187 3279
9188 3369
9188 6107
9188 8234
9190 3781
9191 1828
9192 6661
9194 9639
9196 2886
9197 9836
9199 3150
9199 7196
9200 1449
9200 6201
9200 8841
9203 3658
9203 9789
9204 908
9204 4828
9207 5159
9208 2210
9210 4767
9212 2690
9213 5531
9213 7292
9217 8693
9218 2206
9222 6513
9222 8237
9223 5335
9223 7185
9224 5072
9224 5096
9224 6058
9225 1026
9226 4589
9227 2467
9227 9966
9228 5851
9230 4450
9231 9401
9234 643
9234 8260
9237 4027
9238 175
9239 3423
9240 3705
9240 5622
9241 2629
9243 1471
9245 113
9245 2181
9248 9508
9250 677
9250 9252
9252 4711
9253 1105
9253 4048
9253 7414
9254 5461
9254 9282
9258 2850
9259 4659
9261 572
9262 9607
9263 970
9263 6441
9264 5090
9264 6717
9265 470
9266 7571
9267 3324
9267 7758
9268 8710
9269 5341
9269 7373
9270 9418
9271 6519
9272 161
9272 1078
9272 8504
9274 277
9274 6230
9274 8196
9274 9452
9275 1484
9277 7635
9277 9575
9279 3261
9281 6465
9281 7239
9281 8869
9284 4057
9285 8892
9287 3948
9287 4434
9288 9063
9290 9783
9291 1081
9292 3366
9292 3518
9292 9987
9293 5568
9294 7217
9295 1893
9300 1708
9300 2162
9300 3868
9300 6780
9302 6429
9302 8713
9303 1499
9303 2792
9303 4797
9303 6858
9305 2088
9305 9261
9307 3465
9308 3536
9309 6726
9310 9352
9311 3303
9312 2882
9312 5293
9312 6045
9312 8000
9314 5521
9315 1890
9316 2971
9316 8148
9318 3497
9319 2103
9319 9486
9322 8946
9324 8099
9327 2249
9328 3091
9328 9375
9329 1074
9329 1171
9331 1254
9331 4430
9331 6006
9332 7695
9334 7845
9337 4840
9339 1300
9339 2687
9339 3297
9339 4877
9340 1383
9340 3053
9340 6190
9340 7824
9342 4721
9342 9263
9346 7770
9347 4681
9348 4782
9351 1578
9352 6002
9352 6101
9354 4160
9355 9212
9356 4809
9359 1159
9359 1366
9359 8118
9360 2312
9360 2940
9361 2603
9363 846
9364 3733
9364 6586
9364 9010
9364 9714
9370 5202
9375 2701
9375 7619
9376 1061
9376 2749
9378 6618
9379 4075
9380 2558
9380 9525
9381 287
9381 3686
9382 1299
9384 222
9386 156
9388 3713
9388 5053
9389 682
9389 1228
9389 1354
9390 1652
9390 4461
9390 5067
9390 7514
9392 3172
9392 4135
9392 4980
9393 334
9394 9774
9396 537
9396 1931
9397 2945
9397 4337
9401 6995
9402 2850
9403 7094
9403 9239
9406 8503
9407 884
9407 1878
9409 355
9410 5340
9410 5711
9412 1309
9412 2781
9413 1299
9413 1660
9416 9309
9418 9814
9420 2592
9420 3251
9420 8256
9421 1740
9421 3347
9422 695
9422 4084
9422 9605
9423 1564
9423 7368
9424 908
9426 3928
9428 2888
9429 6798
9431 2782
9431 9216
9433 8003
9434 1237
9435 9301
9436 2779
9437 1703
9438 6925
9438 7653
9438 7812
9439 736
9440 8440
9441 114
9441 1402
9444 6904
9446 292
9447 4612
9449 5912
9450 6506
9451 6080
9451 7352
9453 2287
9453 3127
9453 6413
9454 8759
9458 5586
9461 9470
9463 814
9463 9160
9464 381
9465 5520
9466 9194
9468 9220
9469 3932
9469 7601
9470 4007
9473 912
9473 5183
9473 7039
9474 4857
9475 860
9476 2001
9477 8454
9478 622
9478 1896
9479 6420
9481 7181
9482 4806
9483 3964
9485 4674
9486 3771
9486 5598
9488 2938
9488 4301
9489 7766
9490 9800
9492 1215
9492 4358
9493 8440
9494 3100
9495 1019
9496 7131
9498 241
9499 5360
9499 8164
9500 8764
9501 296
9501 8208
9502 3233
9502 3333
9503 464
9507 5949
9509 8390
9510 6428
9510 6559
9511 3857
9513 6162
9515 3091
9516 5297
9516 7700
9521 2347
9522 9395
9523 7825
9524 1347
9525 3192
9527 2517
9528 8054
9528 9519
9530 2099
9530 6387
9530 7434
9533 4771
9534 4379
9537 1770
9537 3504
9537 9520
9538 6225
9543 2484
9543 4925
9544 580
9544 1300
9544 5563
9545 6593
9546 1810
9546 2688
9546 3116
9547 5607
9548 6662
9549 3156
9549 7420
9550 7167
9551 659
9551 8387
9553 2920
9555 3939
9556 8458
9559 7627
9560 2165
9560 9609
9561 7620
9562 1432
9562 6200
9562 9824
9563 5604
9563 9854
9564 1090
9568 5211
9569 3556
9570 372
9571 6540
9573 9487
9574 3421
9576 3877
9576 7956
9578 6879
9580 1417
9581 8018
9582 6488
9584 6928
9586 9485
9587 2927
9587 9763
9589 4047
9589 8098
9589 9635
9590 5206
9591 4381
9591 7388
9591 8056
9592 9317
9593 6726
9595 3548
9596 5500
9597 7290
9600 3434
9601 445
9602 2625
9603 5560
9607 2249
9608 7939
9610 9905
9613 1907
9613 5465
9614 4180
9615 6648
9617 1779
9617 2877
9619 1035
9620 7393
9622 3464
9624 1749
9624 6381
9624 8231
9625 9916
9627 1317
9627 3094
9629 9404
9632 1498
9633 4795
9635 6461
9637 4048
9638 3106
9639 8894
9640 7854
9642 1116
9642 9064
9644 6645
9645 4344
9645 5650
9647 6226
9648 9456
9651 4524
9652 4258
9653 7421
9654 5577
9655 8941
9657 8240
9659 862
9663 1096
9663 4266
9665 413
9665 2276
9665 6095
9667 8993
9667 9828
9670 3058
9671 666
9672 2080
9672 3143
9672 4971
9672 5976
9673 1186
9673 4169
9673 7824
9675 5846
9676 4385
9676 8162
9678 8363
9679 2219
9680 7330
9683 3774
9683 9078
9684 6019
9684 6192
9684 8282
9684 8527
9685 6067
9688 4887
9691 3017
9692 3683
9692 3785
9693 1563
9693 5281
9693 6885
9694 1791
9694 8117
9696 5796
9696 6905
9697 6339
9698 5178
9701 5568
9704 3028
9704 5313
9705 8274
9706 690
9706 9845
9708 45
9709 6144
9710 2170
9710 9668
9711 2812
9711 7651
9712 4723
9715 8287
9715 9653
9716 4078
9716 8270
9719 9974
9722 8524
9724 1219
9724 6797
9727 2267
9727 2639
9727 3050
9727 5042
9728 2259
9728 5353
9729 7148
9729 9259
9730 2245
9730 3873
9733 3398
9734 241
9734 8008
9735 3105
9736 3021
9736 3660
9737 3129
9737 7618
9740 116
9740 4988
9740 7803
9741 3595
9741 8858
9744 6757
9745 7161
9745 8426
9749 8158
9750 2146
9750 8074
9751 5360
9752 8328
9753 4305
9753 4461
9753 9426
9754 5280
9754 6248
9755 2473
9755 5068
9757 2327
9757 5740
9757 9889
9759 7122
9759 8556
9759 8698
9761 7646
9762 8941
9762 9112
9763 6129
9763 6580
9764 211
9764 2682
9764 8872
9765 1224
9765 2026
9765 2384
9766 141
9766 9975
9767 8774
9767 9268
9768 8118
9769 2239
9773 34
9774 8353
9777 5531
9778 3809
9779 5160
9779 9957
9782 4445
9783 7757
9783 9259
9784 9207
9786 8617
9786 9383
9787 4937
9788 283
9788 5715
9788 6433
9788 9715
9789 6157
9789 8867
9790 7212
9790 8230
9791 175
9792 6761
9793 1126
9793 7890
9795 8486
9796 3542
9798 3754
9799 2117
9800 7625
9801 4078
9802 3347
9803 2437
9804 7134
9805 2923
9806 4356
9808 50
9809 7251
9811 3891
9816 5993
9818 7501
9819 140
9819 9194
9820 3820
9823 1262
9825 1378
9825 4515
9825 8944
9826 6773
9827 2821
9828 537
9828 5763
9830 4445
9830 8472
9831 4206
9832 72
9833 2060
9833 7199
9834 3105
9834 3453
9834 7160
9836 5494
9836 7300
9837 6824
9837 6918
9839 7148
9839 7335
9839 9621
9840 8167
9841 2774
9841 7726
9842 6350
9845 2094
9848 5828
9849 5376
9850 648
9853 7553
9854 7566
9857 5068
9857 5289
9858 7479
9859 6526
9861 1248
9868 795
9868 7950
9868 9827
9870 1229
9871 4479
9873 2878
9874 5518
9875 2212
9875 9522
9878 2669
9880 4085
9880 4912
9883 6010
9883 6586
9884 727
9886 2169
9887 8607
9887 9112
9889 1433
9890 1594
9890 5984
9891 3470
9892 4031
9892 5180
9897 3112
9900 4458
9900 6373
9901 5106
9902 4646
9903 1332
9903 3553
9903 4636
9903 9122
9906 4043
9907 8561
9907 8924
9915 4152
9917 2117
9917 6768
9918 6866
9918 7452
9919 5160
9919 7329
9920 587
9921 3365
9924 9032
9925 876
9926 17
9926 1625
9927 9577
9928 4358
9928 7764
9929 6036
9930 3819
9930 5538
9931 7688
9931 9544
9933 2291
9933 2916
9934 9517
9935 3347
9935 8394
9936 1191
9937 3452
9937 8413
9941 1135
9941 4283
9942 7777
9942 8576
9944 603
9947 5623
9948 5168
9948 9689
9950 5188
9950 8114
9953 2206
9954 2976
9954 5881
9956 4753
9956 5541
9957 3955
9957 6745
9958 1608
9958 3427
9958 9848
9959 2148
9959 5392
9959 8152
9963 9955
9964 4630
9965 2592
9965 9014
9966 1914
9966 6732
9967 5129
9967 8464
9971 551
9971 5079
9972 937
9972 2232
9973 6767
9973 7329
9974 6611
9974 7601
9977 2105
9978 177
9978 8842
9979 5443
9980 5344
9981 8053
9984 4383
9985 3613
9986 8428
9989 461
9989 9703
9992 2063
9993 4013
9994 171
9994 4755
9994 6870
9995 6720
9997 517
9998 3426
9999 1136
-1
