10000
1 2503
1 4441
4 6085
5 8462
6 1838
7 2335
9 1657
10 5919
12 6398
12 8596
13 1553
14 4945
16 3767
16 5727
19 4814
19 8827
20 9234
23 2591
25 8286
27 6824
28 1018
29 387
29 5833
29 6741
30 5540
33 8264
34 2619
34 9662
35 838
35 4698
35 7949
36 861
38 8660
39 3978
42 2975
42 9143
43 6721
44 8232
45 8218
47 9294
48 1056
48 6877
49 2648
49 3596
49 8898
50 3882
50 7469
54 374
55 9676
56 8248
57 5956
58 7101
58 8374
58 9123
59 4163
60 3304
61 1343
61 9917
62 5325
64 8374
65 160
68 4691
69 746
69 3310
69 8652
70 2390
70 5440
70 7557
71 7896
72 5758
73 3677
74 279
74 6108
75 4604
76 8762
77 442
80 8982
80 9024
81 1503
85 1326
85 7401
86 3821
86 4143
87 480
87 9749
89 8247
89 8507
90 5717
90 8272
92 2357
92 8174
93 7305
94 4574
94 5886
94 9043
96 599
96 9628
97 3593
97 4450
97 8284
99 9881
101 6116
102 4726
103 687
103 6369
103 8882
104 4170
104 5885
105 1748
106 9424
111 1939
112 7972
113 1722
113 2400
113 7793
115 2090
115 8982
118 5433
119 3140
120 3856
122 2680
123 3329
123 8501
124 2982
124 5685
125 1932
125 6791
126 3362
126 5828
126 9520
128 9871
129 4571
130 6863
131 641
131 1460
131 5169
131 7069
131 7455
132 8299
133 3418
135 2444
136 2831
137 5277
138 3916
139 246
140 453
142 787
143 5105
143 7123
143 8588
144 1751
145 7150
147 272
148 5075
150 4383
151 2851
151 4463
152 4227
152 4687
154 1860
154 2206
155 7286
156 5512
157 47
157 3000
158 9809
159 8625
159 9890
163 5481
163 5646
164 5521
168 8656
169 133
170 2760
172 3086
173 7059
174 3039
175 220
180 6916
181 5157
183 259
183 2190
183 3099
184 4176
186 8897
187 3699
187 6255
189 9360
190 5852
194 86
194 4099
194 9569
197 4165
198 861
198 3535
200 2291
202 1892
204 5985
204 8088
204 9897
206 4810
207 3156
209 2026
209 5704
209 9383
211 879
212 5934
212 6086
213 1762
214 4373
214 7317
216 97
216 790
216 2191
216 2517
216 4993
218 264
218 1965
219 5419
221 3332
221 6483
224 531
224 4760
226 1760
228 1535
228 7303
228 8285
230 2658
231 3692
231 6513
231 6543
231 7880
232 5219
232 9489
233 9981
234 4958
236 5126
237 9002
241 5149
243 1981
243 9133
244 977
245 8832
245 9459
248 3791
248 4083
248 7017
248 9530
249 9693
251 8528
251 9743
252 2499
253 70
253 7803
253 9664
254 3810
254 4952
255 2294
256 740
256 4231
257 3042
259 9996
260 4561
261 5091
264 3193
264 5934
265 1305
265 4179
265 4533
265 8637
266 7216
266 9701
267 346
267 2126
268 1460
268 6469
269 1541
270 8598
271 1458
271 6798
272 867
272 8800
273 6021
274 1411
274 1761
274 9107
275 8681
276 4985
276 9617
279 1815
280 945
280 9598
281 2422
282 1420
282 4737
283 2879
283 3255
283 8210
286 6637
287 3818
288 2906
289 477
289 4094
289 4391
289 4392
290 3931
291 7917
292 3382
292 7015
292 8981
293 624
293 4327
294 3166
297 973
297 4990
297 5623
299 8563
302 936
302 9790
304 2953
304 4996
304 8484
305 3041
305 3058
306 27
306 4684
306 6178
308 1138
308 7525
310 4696
310 7000
312 1590
312 6741
315 1969
315 5618
316 8849
316 9111
317 2819
318 1226
318 6596
321 877
321 4419
323 9899
325 849
325 2393
325 4321
326 1336
327 3197
328 957
328 1796
328 1827
331 155
331 3466
334 4871
334 7879
335 1277
338 9253
342 7353
343 7294
344 3159
344 7084
345 1057
345 6772
346 3870
346 6937
346 7620
346 9292
347 2340
348 4643
350 6788
352 1512
352 1672
352 6705
354 5785
356 5754
359 6752
359 8595
360 2330
360 5272
361 7504
361 9337
365 2354
366 2620
366 5467
371 5384
373 6831
376 3186
377 772
377 6259
378 56
378 9778
379 5737
379 8654
382 179
382 1052
383 2468
384 7795
385 201
388 1555
391 614
391 8172
393 8618
396 1629
396 2384
398 6174
398 8065
399 4327
401 5098
402 3560
403 7298
405 572
407 4806
407 7954
407 9838
409 663
409 5468
410 3522
410 6334
411 344
411 5623
411 6720
412 2148
412 2483
412 4728
413 8300
414 2093
414 8674
415 6918
415 8899
416 2735
417 1518
420 7896
422 76
423 5679
424 6418
425 8201
426 4327
427 7618
427 8214
429 485
433 2153
434 3408
436 1605
436 2432
436 5521
437 4513
437 7268
437 8168
438 1586
438 7934
442 9879
444 5256
444 8441
444 8849
444 9246
448 569
449 4938
449 9103
449 9960
450 9683
453 4220
453 5515
454 6986
455 401
455 5631
455 6807
455 8787
456 5825
456 9569
457 720
458 4018
461 285
463 2965
463 6041
463 6346
464 4057
464 9807
465 3034
466 9038
467 9271
468 5533
469 4090
469 4589
470 3212
470 4849
471 5454
471 9102
473 6406
473 7928
474 2324
475 3202
475 5910
476 7465
477 7150
478 4481
480 3825
481 3508
482 5241
483 1145
483 1257
483 4063
484 420
484 1535
487 2156
487 3762
489 2257
489 7664
490 5268
490 6736
493 9778
494 1104
495 7382
499 9067
500 6726
500 9512
501 3656
501 7824
502 762
502 7779
503 4164
506 7494
508 2825
508 6710
510 5350
511 3256
511 9611
512 2234
515 2263
515 8273
517 9394
518 5313
519 200
519 2676
519 5470
520 8954
522 9004
524 8078
525 3810
525 8177
525 9661
526 2849
526 4421
527 4335
528 148
531 798
532 6753
532 9070
533 1181
534 1049
534 4320
535 4482
536 3853
537 6357
537 8265
540 2107
541 6102
542 16
542 7509
543 3615
543 3702
547 965
548 8491
550 6205
550 6212
552 4913
553 410
556 559
557 9469
558 5323
558 5728
559 2141
559 7771
562 307
563 5301
565 8374
566 7303
566 7682
566 9947
567 2204
567 8363
568 4632
568 5436
569 6129
570 4167
571 3323
571 7655
572 7487
573 2897
576 1745
576 3011
578 9598
580 975
581 5464
582 4948
583 1106
584 5577
586 6351
588 5550
588 6766
588 8638
592 728
592 2119
592 6622
593 8180
594 1276
594 6226
594 6412
595 7566
596 6879
597 3889
597 7577
597 8948
600 118
601 2361
601 4751
601 9232
602 2993
602 5569
602 6867
603 3112
603 4586
605 264
605 2742
607 72
609 783
609 8656
610 9330
611 3421
614 7280
614 9249
615 764
615 4130
615 5711
615 7769
616 7046
616 8067
617 4563
617 5713
618 549
620 3372
621 154
622 5688
623 490
623 947
623 6050
623 7579
625 6188
627 3341
628 4226
628 7986
629 3008
629 8626
630 5801
631 8112
632 2597
633 6044
634 9319
635 1085
636 4736
637 4378
637 5490
637 6125
639 7290
642 3935
642 8513
643 7007
644 3008
645 6828
646 7764
648 5941
649 3687
649 4661
649 5979
649 8408
650 3627
652 4492
652 8971
655 1378
655 2034
655 6152
656 8042
658 1127
658 3413
659 6039
660 5883
660 6621
661 3637
663 4012
665 2902
665 5447
666 9298
668 9687
669 9897
670 1030
670 5465
670 6866
672 3115
672 3731
674 682
674 7814
676 1232
677 1477
677 9975
678 3300
678 6113
680 2386
680 9739
681 4858
681 8181
681 9957
683 3408
687 4134
689 4469
689 5480
689 7743
690 3593
691 6541
691 9543
692 7982
693 1660
694 831
694 9904
695 2797
695 4683
696 5566
699 3440
699 4842
699 9604
700 4268
702 786
703 6731
704 1409
706 2705
706 6226
707 1454
707 7791
709 5418
709 8777
710 5891
711 8969
711 9491
712 825
712 5135
712 7591
712 8841
713 1759
714 1059
715 6354
717 5575
718 51
719 1878
720 1133
722 5018
727 163
727 5257
727 5921
728 5384
729 5974
730 4756
730 9874
732 4563
733 4264
733 4275
733 5657
737 3003
737 3591
740 7515
741 9005
742 3464
742 9040
743 4038
743 7003
745 922
746 1132
746 1643
746 8577
747 4163
748 8097
749 2026
749 7328
751 6463
752 7577
752 8887
753 9639
754 7897
755 3348
755 7473
756 4045
756 8391
757 556
759 3695
761 1806
761 8217
762 8864
764 5420
765 4854
766 4643
766 4908
766 7888
768 2322
769 9735
770 578
770 2966
770 3931
772 7812
772 8277
772 9144
773 9190
774 2561
774 8987
775 6524
776 2888
778 2183
778 8813
782 2869
782 5196
784 286
784 3951
787 8354
788 1166
790 5590
790 8996
791 556
791 1917
791 5218
793 2058
793 7304
793 8319
795 887
796 9406
798 1584
798 5885
798 8095
799 7463
802 7283
803 6068
803 6538
804 2319
805 754
806 2491
811 9059
812 5052
812 5923
814 431
817 6822
817 9567
818 8793
819 3926
819 5276
821 5779
822 764
822 6510
825 1473
826 312
829 179
829 9202
832 2167
832 2506
832 7055
833 3146
834 1981
834 5740
838 7595
839 343
840 8998
841 8650
842 9739
843 8037
846 761
846 3507
846 4997
846 9312
847 2014
848 5200
848 7457
848 8516
850 616
850 8807
851 7701
852 4594
853 91
854 38
858 6931
859 3408
859 5291
860 2594
861 9192
862 8513
863 1053
863 2711
863 8787
865 1968
865 8124
866 1638
867 2872
867 4133
867 7422
868 6272
868 9515
870 4254
870 8789
872 2795
873 6896
877 5151
877 7835
879 710
879 2111
883 6447
886 1732
886 9961
887 3577
887 6683
887 9835
888 5141
888 7732
889 9281
890 1063
891 3711
891 5061
891 6349
892 3541
893 1506
893 2355
893 2758
894 1566
894 6240
894 7727
895 2609
896 2951
897 6128
900 4898
900 8880
901 3135
901 3482
904 2066
904 9282
905 9908
906 2789
907 5930
907 9885
909 399
909 2533
910 353
911 558
912 4683
912 4830
913 1000
913 5787
914 52
914 1851
916 4761
916 9422
919 3296
919 7974
920 3912
921 399
921 440
921 480
921 1578
921 3683
922 5320
924 7414
925 8106
928 2944
929 1350
931 6523
931 8363
932 4841
932 9814
933 757
933 3366
934 4233
934 9308
935 4550
936 3324
937 3993
938 1830
939 2879
939 3601
940 3655
940 8949
941 2076
941 4056
941 8510
942 4084
944 9022
944 9634
945 1052
946 9745
947 2266
949 5421
954 6155
954 9962
955 9554
955 9603
956 6251
958 3291
959 2453
959 9221
961 8863
963 7601
965 2912
965 6476
965 8706
966 6684
966 7860
968 4233
969 3781
970 7464
971 4419
972 4015
972 5344
973 92
974 5623
975 4447
978 960
978 6306
980 4743
980 7920
981 3170
983 5387
984 5743
986 268
987 835
987 4849
988 347
989 4325
991 2367
991 2553
991 3351
992 1258
992 3439
992 3877
993 8464
994 5381
998 6062
999 4752
999 9824
1000 4886
1001 564
1001 949
1004 6237
1006 8458
1007 2250
1007 2855
1009 2627
1009 5976
1011 1844
1012 3646
1013 413
1013 598
1015 3242
1015 3270
1016 3677
1018 7726
1018 9263
1019 4110
1021 8010
1022 7806
1023 4699
1024 1160
1025 726
1026 5501
1028 6503
1029 3119
1029 8849
1029 9641
1030 8015
1031 4522
1031 6420
1031 6656
1032 8023
1035 1450
1035 6773
1037 179
1040 919
1040 1077
1042 9467
1043 4597
1043 9496
1045 7027
1047 6104
1048 7273
1049 2026
1050 9947
1053 5418
1053 7047
1053 8137
1054 714
1055 2401
1055 7629
1057 1563
1057 1842
1059 2607
1059 8157
1062 2049
1062 8494
1063 3215
1063 5072
1063 7462
1067 4391
1068 4257
1069 9494
1072 196
1072 9148
1073 1261
1074 8982
1075 1790
1076 939
1076 9903
1077 1230
1081 906
1082 784
1082 3412
1085 4295
1085 6158
1086 1571
1086 5271
1087 4896
1089 2
1090 202
1091 471
1095 881
1097 36
1098 2695
1099 5795
1099 5910
1102 536
1102 2153
1103 3908
1103 5284
1103 9403
1104 229
1106 1960
1107 3267
1107 7255
1108 6221
1109 3501
1109 9923
1110 8513
1112 8797
1112 9784
1113 8948
1114 6811
1115 3162
1115 5640
1118 686
1120 9024
1122 5525
1123 3082
1123 6281
1124 6597
1126 3418
1128 2919
1128 4666
1130 1095
1130 4173
1131 3205
1131 8584
1134 7831
1135 2607
1137 5299
1138 211
1139 1378
1141 1439
1141 4531
1142 6624
1144 729
1144 3154
1144 6907
1144 8720
1145 6819
1145 7597
1148 6316
1150 1592
1150 3424
1153 7582
1154 1108
1155 2630
1157 67
1158 4816
1159 9136
1161 1522
1161 2092
1161 5756
1162 8010
1163 9111
1164 4863
1164 6718
1164 9695
1166 1350
1166 5116
1168 865
1169 1805
1169 4118
1170 6047
1171 3816
1171 4088
1172 3609
1176 1361
1176 5189
1177 3772
1179 868
1179 3423
1180 7760
1181 1134
1181 6882
1183 2477
1183 5666
1184 3086
1186 225
1186 6051
1186 9153
1189 9488
1190 4527
1191 1930
1191 3570
1192 2870
1193 6631
1195 7972
1196 7813
1197 1811
1197 3692
1198 1699
1198 2498
1199 9336
1201 4372
1201 7553
1203 4060
1205 4894
1207 8461
1207 9458
1208 1429
1208 3426
1208 7147
1209 5837
1210 2134
1210 4774
1211 1279
1211 4090
1211 5915
1211 6077
1211 8629
1212 1035
1212 9590
1214 914
1214 4521
1217 2980
1217 8560
1218 7630
1218 8855
1219 3115
1221 4416
1221 6919
1222 1689
1222 2130
1223 1245
1224 125
1224 1925
1224 7354
1225 796
1225 4429
1226 3942
1226 8038
1227 6258
1228 8153
1230 5688
1231 1669
1231 2682
1231 9877
1233 8537
1234 7735
1235 9939
1239 3960
1239 9011
1242 3904
1244 4533
1246 797
1247 9281
1249 8337
1249 9032
1252 2957
1252 8060
1253 1072
1253 2047
1253 8415
1256 1420
1261 309
1261 7211
1261 7654
1262 2987
1262 5026
1263 5432
1263 7031
1265 5452
1268 1673
1268 2554
1268 8263
1268 9563
1272 8533
1274 270
1274 1603
1274 1972
1274 5631
1274 9350
1276 3104
1276 9454
1278 474
1281 2637
1281 6853
1281 9653
1282 7969
1286 3893
1288 8696
1289 1852
1289 3897
1289 5422
1292 459
1292 576
1294 7304
1299 2688
1300 3558
1301 1189
1301 5254
1303 7578
1304 3477
1304 4249
1304 9215
1305 981
1305 5530
1305 5921
1305 9035
1306 9597
1307 6692
1309 611
1310 8983
1312 5264
1313 5349
1313 6293
1316 8893
1317 8050
1320 456
1320 7104
1321 2811
1321 6432
1324 7173
1326 2278
1326 9217
1328 5683
1331 7637
1332 7638
1334 5907
1335 562
1335 5088
1336 2047
1336 5829
1336 7451
1336 7922
1338 741
1338 5021
1338 8751
1340 3235
1341 2769
1342 5416
1342 9840
1343 2354
1343 2790
1343 4740
1345 9274
1348 970
1349 1285
1349 7670
1349 8590
1353 5427
1354 3480
1354 6533
1354 8256
1355 1786
1358 1935
1358 3701
1359 2701
1360 4465
1360 4547
1361 1700
1361 3707
1361 4218
1361 7430
1361 7703
1361 9747
1364 4062
1365 4085
1365 4863
1366 3638
1369 7329
1371 3347
1371 6636
1371 8106
1372 5088
1372 5757
1374 6112
1374 9973
1375 416
1378 1467
1378 3411
1378 5571
1379 268
1379 9446
1380 3951
1380 4184
1381 8127
1383 1794
1383 9534
1384 7071
1385 4652
1386 6152
1387 81
1389 5810
1389 7753
1389 8980
1390 418
1390 5871
1391 8696
1392 9430
1393 5669
1393 9695
1394 998
1395 4088
1396 2547
1397 1196
1397 4087
1399 5125
1401 4412
1401 6934
1402 794
1402 2325
1402 9475
1403 1441
1405 1537
1405 5236
1405 7147
1406 4886
1407 1575
1408 1399
1409 7465
1409 9938
1411 4961
1413 2795
1413 4494
1414 285
1415 1307
1415 8209
1416 2115
1417 6563
1417 7823
1418 9652
1420 2258
1421 8878
1421 9903
1422 3318
1424 1587
1424 9069
1425 2153
1425 3789
1425 9414
1426 2812
1426 3585
1426 3745
1427 5179
1430 9189
1436 1391
1436 4032
1437 7367
1438 3692
1440 659
1441 4575
1442 4021
1442 4641
1444 8703
1444 8876
1447 3751
1448 2720
1449 4377
1449 7256
1450 4462
1450 6546
1451 3077
1454 1603
1454 8497
1455 184
1455 6990
1455 8488
1456 979
1456 4535
1456 7502
1457 9399
1458 7096
1459 5105
1459 6691
1460 6571
1461 1840
1461 3308
1462 3861
1463 542
1463 3498
1464 4095
1465 4432
1467 1127
1468 492
1468 4890
1473 3741
1474 1710
1475 3767
1475 7933
1476 6116
1479 4301
1480 395
1481 2903
1481 9344
1490 8002
1491 531
1491 2257
1491 3133
1494 4963
1496 3443
1496 3947
1497 1422
1497 1647
1497 2055
1497 5772
1498 286
1500 1631
1501 210
1502 4770
1503 5417
1504 1998
1504 4459
1504 6668
1505 5434
1505 6233
1506 8010
1507 964
1509 427
1509 6412
1509 9845
1510 5411
1511 5231
1511 8182
1511 8806
1511 9540
1513 2104
1513 5139
1515 9586
1515 9883
1520 3516
1521 4373
1521 5689
1523 3710
1523 4732
1523 8499
1525 1546
1528 832
1529 2653
1529 5135
1530 9712
1532 1688
1532 3740
1534 4295
1537 4815
1538 1174
1538 6364
1538 7122
1539 1262
1541 6721
1542 8463
1542 9371
1544 1264
1544 1430
1544 1588
1545 4918
1545 6205
1547 906
1549 2510
1553 3963
1555 2168
1556 9335
1557 7674
1559 5644
1559 8184
1560 5053
1561 731
1563 3177
1564 4353
1565 1974
1565 8555
1567 9205
1569 6522
1570 746
1570 7270
1570 7970
1573 5659
1576 3141
1576 6727
1576 6946
1577 1348
1578 786
1578 9368
1579 3336
1582 3336
1583 5692
1585 9472
1586 292
1586 2735
1586 9643
1588 4047
1588 7730
1589 4068
1590 3709
1591 3368
1592 7895
1593 3733
1594 1537
1594 2577
1595 541
1595 6469
1598 3020
1600 4842
1600 8871
1601 5498
1602 1987
1602 5460
1603 4337
1603 7447
1604 301
1604 2272
1605 4877
1607 8088
1608 6441
1611 3232
1613 811
1614 6622
1614 7266
1616 3679
1616 7747
1617 3070
1619 9349
1621 1548
1621 9029
1622 3002
1622 4916
1623 2080
1624 2000
1624 4538
1625 4223
1628 4930
1629 840
1629 7272
1630 862
1631 8028
1632 3506
1634 3933
1635 8178
1637 275
1637 5515
1638 9888
1639 3415
1639 6311
1640 4958
1640 8388
1641 3599
1642 976
1643 1462
1644 4982
1645 6513
1645 7743
1647 5799
1649 1239
1651 4189
1654 9890
1655 7154
1656 4537
1658 6160
1658 8459
1661 3384
1662 5536
1665 4600
1665 9386
1671 6739
1672 2313
1673 4274
1674 2462
1674 8600
1676 1893
1676 2305
1677 1172
1677 9278
1677 9626
1680 2524
1680 8137
1681 4912
1684 1126
1684 7273
1685 2293
1686 7724
1688 2922
1688 7296
1688 9679
1690 3163
1690 5576
1691 1566
1691 5769
1692 6482
1693 9086
1695 417
1696 2537
1696 9898
1698 2944
1698 9052
1699 3207
1699 3804
1701 6907
1702 9777
1703 3382
1705 1316
1705 6074
1705 6384
1706 6364
1707 4254
1707 5735
1709 4828
1710 4853
1712 1332
1713 1781
1713 9622
1713 9831
1715 1775
1715 7936
1716 9300
1717 4584
1718 5610
1718 6752
1720 499
1725 4043
1726 1731
1726 9420
1729 6834
1729 9558
1731 7057
1732 1668
1734 9202
1735 969
1736 8941
1740 4931
1744 1699
1747 6763
1749 739
1750 3459
1752 5276
1755 7602
1756 623
1756 1010
1756 3789
1756 9722
1757 3976
1757 8401
1758 7745
1760 3606
1761 8670
1762 1141
1766 6901
1767 3550
1767 6435
1768 477
1770 2714
1770 6068
1770 6920
1771 8207
1772 7929
1773 2759
1774 438
1774 1605
1774 3793
1775 1570
1775 4690
1775 8123
1776 2513
1776 5846
1777 2761
1777 6457
1778 8306
1779 401
1779 6599
1780 1067
1780 6077
1781 8699
1782 124
1782 7469
1783 2745
1783 5271
1784 132
1784 9613
1785 1899
1785 5750
1786 5312
1786 6700
1786 6859
1786 7493
1787 9885
1789 1832
1789 4510
1789 6935
1789 8619
1790 4017
1790 6275
1792 4123
1792 8321
1793 6378
1795 1920
1795 2805
1798 8167
1800 615
1800 1636
1800 4708
1801 4788
1801 5380
1803 148
1804 6771
1804 8473
1805 3772
1806 1500
1807 8854
1808 789
1808 1364
1808 2317
1809 3539
1809 9169
1811 6210
1812 6490
1813 8023
1814 3389
1817 4343
1818 1505
1819 4352
1819 4668
1821 1471
1822 288
1822 6381
1825 720
1826 4971
1826 8291
1828 9801
1829 1880
1829 6032
1830 3685
1831 1113
1832 2117
1832 5483
1832 9350
1833 1665
1836 4491
1836 4811
1837 2524
1838 7641
1839 525
1840 2027
1841 8684
1842 973
1844 3472
1845 2539
1845 7484
1848 820
1850 8247
1850 8316
1850 9193
1852 5297
1855 1382
1855 7839
1856 2141
1857 1446
1858 6945
1860 1150
1864 4944
1865 759
1868 3224
1872 2823
1872 8878
1873 8167
1873 8397
1873 9236
1875 924
1875 9831
1876 6924
1876 8670
1877 1590
1877 3089
1880 4747
1880 8537
1880 9477
1883 568
1883 3736
1884 1737
1885 5856
1886 8584
1887 5414
1888 655
1889 1871
1889 5825
1890 7585
1892 5697
1893 7001
1894 1913
1894 9713
1896 2724
1897 2899
1899 9123
1901 7346
1902 2066
1907 535
1907 8422
1908 7534
1911 2086
1911 7153
1911 7865
1913 4701
1914 2020
1914 4388
1914 8395
1914 9482
1916 3006
1916 4892
1917 9294
1920 621
1920 6126
1921 7493
1923 3589
1923 4512
1923 5481
1923 5815
1924 7303
1925 4755
1925 7830
1929 5852
1930 298
1931 177
1931 1829
1931 8122
1933 9669
1934 5208
1934 6150
1937 3914
1937 8067
1944 5193
1944 5686
1945 5803
1946 1720
1946 3252
1946 8447
1947 1236
1948 1431
1952 5694
1952 9147
1953 7193
1953 8865
1957 4886
1958 3593
1958 6820
1958 8564
1959 7266
1959 8274
1961 4840
1961 8654
1963 1983
1963 1997
1963 6257
1964 8316
1965 7534
1965 7888
1966 8402
1971 2861
1972 453
1972 6588
1972 7620
1974 3322
1975 8465
1976 2482
1978 2256
1980 8267
1981 4541
1981 4619
1981 4762
1982 8214
1985 2325
1986 5616
1986 9182
1987 7299
1991 3258
1991 8204
1993 2001
1993 6192
1993 9359
1994 2766
1994 5675
1995 4234
1995 6626
1998 2305
2000 5087
2000 6945
2001 2441
2001 7958
2003 9105
2005 8592
2008 2439
2008 4250
2009 6473
2010 361
2011 3890
2012 674
2013 3117
2014 4235
2014 5530
2014 9742
2016 1615
2016 4245
2016 6164
2016 8527
2016 9682
2017 4895
2017 9021
2018 3500
2019 4648
2019 9218
2021 1723
2024 771
2024 9713
2025 1128
2025 1373
2025 1972
2028 9179
2029 71
2029 1216
2029 5463
2029 6746
2029 7177
2031 1338
2033 5432
2033 6862
2034 6716
2035 1042
2035 2412
2035 5405
2037 5569
2037 8237
2038 1059
2041 5273
2044 1654
2044 9865
2045 8601
2047 896
2048 3196
2048 8105
2052 2230
2052 7613
2053 1893
2053 5189
2055 7102
2056 2035
2056 2844
2057 4765
2058 2244
2059 9460
2061 6295
2062 1500
2063 5628
2064 326
2065 453
2065 4369
2065 7118
2065 9543
2066 6786
2067 77
2067 1772
2067 5795
2068 4978
2069 283
2069 5158
2069 6559
2071 9348
2073 4445
2073 6976
2073 7589
2074 1386
2074 2245
2075 5742
2075 7238
2077 1469
2078 1743
2078 3994
2080 2810
2082 6115
2082 8518
2084 3627
2085 7862
2086 7358
2089 7671
2090 118
2092 5190
2094 2243
2095 4712
2095 5371
2095 7979
2097 9050
2099 5673
2099 8492
2100 952
2101 463
2102 8102
2103 1794
2103 2814
2106 1926
2106 2453
2109 7354
2110 4480
2111 4147
2112 2408
2116 8767
2119 3080
2123 535
2123 1032
2123 3216
2123 6472
2123 6545
2126 6483
2128 451
2129 3190
2131 966
2131 3838
2131 8490
2132 5500
2135 4290
2135 4917
2136 4608
2137 1555
2137 4875
2137 9511
2138 3478
2140 9585
2141 2405
2141 9241
2141 9495
2143 6055
2143 6600
2143 7995
2144 5144
2145 714
2145 4630
2146 396
2146 1266
2146 4509
2147 3317
2148 3950
2148 7798
2149 8159
2151 1387
2153 664
2154 3881
2159 2500
2159 4962
2159 7589
2160 8513
2161 342
2162 9534
2163 6677
2163 8704
2163 9547
2166 8478
2167 7252
2169 8441
2170 5877
2170 7082
2170 9808
2171 2556
2171 4829
2172 4450
2176 3691
2176 7775
2178 421
2179 6583
2180 9627
2185 3186
2186 6773
2187 9104
2188 385
2188 5959
2191 108
2191 1350
2192 3640
2192 4515
2193 7820
2195 739
2197 5155
2197 6157
2197 8894
2199 8740
2200 367
2200 4974
2200 5199
2203 6955
2205 2022
2206 3291
2206 9679
2207 8016
2210 1890
2210 6939
2211 9319
2214 6369
2215 7237
2216 2757
2217 5718
2220 7969
2221 3730
2221 4236
2221 5642
2222 6320
2225 8909
2227 2880
2228 249
2228 4156
2229 3024
2230 1300
2230 4978
2233 8024
2233 9477
2234 7503
2234 8318
2236 6256
2237 1709
2238 8894
2239 2380
2239 5658
2242 9815
2243 2515
2245 44
2245 4825
2245 7277
2246 3952
2247 1329
2247 3272
2247 7395
2247 9775
2248 5311
2249 3192
2250 6095
2251 5271
2253 642
2254 5233
2255 1692
2255 6919
2257 3411
2258 6145
2259 3553
2261 1660
2261 2908
2261 4580
2262 1567
2262 5614
2263 2454
2263 5730
2264 3209
2264 3896
2264 5653
2264 7909
2265 3832
2266 1821
2267 4079
2267 7862
2267 9593
2269 168
2269 5744
2270 5908
2270 6285
2270 7036
2271 834
2272 187
2273 3661
2277 2011
2277 3974
2277 7925
2277 9671
2278 6745
2280 105
2280 8139
2280 9266
2281 6953
2282 9207
2283 2301
2283 7509
2285 3609
2285 7116
2286 5807
2286 6470
2288 6111
2288 7048
2290 3287
2291 9605
2292 8552
2294 668
2299 5245
2299 8659
2301 4590
2302 4552
2302 6100
2302 7453
2304 4663
2305 2437
2305 7631
2309 2648
2309 8770
2310 4383
2311 9106
2314 4834
2316 7000
2317 771
2317 7543
2319 1779
2319 6963
2321 497
2321 8878
2321 9486
2322 2285
2323 7662
2323 9297
2324 6557
2324 8146
2326 2010
2326 4280
2326 5268
2329 5320
2330 1661
2330 6954
2336 1058
2336 4169
2337 413
2337 1645
2337 8344
2339 2913
2340 8384
2342 6771
2344 5295
2344 6349
2345 636
2346 1023
2347 968
2347 7604
2348 7594
2349 5782
2350 4839
2351 1507
2352 7830
2353 7324
2355 9242
2358 5007
2358 8214
2359 6278
2360 5187
2360 5189
2362 768
2362 1173
2362 1726
2364 9096
2365 1659
2365 7489
2365 8136
2366 4478
2367 4164
2368 7549
2369 223
2369 9056
2370 5327
2370 5712
2373 912
2373 1016
2373 1463
2374 1776
2376 2288
2377 1691
2379 5803
2381 4916
2381 4939
2381 5762
2382 3238
2382 4905
2383 3197
2383 3410
2384 9966
2386 1112
2386 3314
2386 3955
2387 3733
2388 9240
2389 8143
2392 859
2392 5834
2393 7743
2396 9906
2398 3047
2398 8516
2398 8731
2400 1603
2400 6749
2402 2572
2403 5802
2404 4498
2406 855
2406 9585
2408 1350
2408 3781
2409 8981
2410 3579
2410 4244
2411 1031
2411 9730
2412 236
2412 3102
2413 4542
2414 2853
2414 4034
2415 3582
2415 3774
2416 353
2416 3237
2418 3462
2420 930
2420 7441
2421 4840
2421 6994
2421 9832
2422 5699
2422 9766
2423 8592
2424 6538
2425 1420
2426 230
2427 7767
2428 3866
2428 8982
2430 6046
2432 4579
2432 8232
2434 1660
2436 1752
2436 2789
2436 6129
2438 4542
2438 8822
2438 9259
2439 672
2440 5809
2441 397
2441 1758
2441 5564
2443 6783
2445 1117
2446 2722
2446 3194
2449 2352
2451 6428
2452 1137
2452 8054
2455 2666
2457 265
2457 5193
2458 487
2460 5514
2460 9321
2460 9761
2463 3204
2466 4651
2468 352
2469 802
2469 1673
2469 3866
2469 6875
2470 5565
2473 6568
2474 4364
2474 4904
2481 2655
2482 4551
2485 1937
2486 432
2486 3535
2486 3627
2486 3849
2488 1896
2489 810
2489 8767
2490 8949
2491 4570
2492 817
2492 3534
2492 8595
2493 1979
2493 3818
2493 7500
2493 9449
2494 833
2494 5290
2495 8114
2496 1566
2497 3975
2497 5250
2497 7794
2498 750
2498 7248
2499 5803
2500 2220
2500 4262
2500 4509
2500 7648
2502 8260
2503 1571
2503 4990
2503 5700
2504 5727
2504 9782
2505 7487
2506 2554
2509 1652
2511 116
2512 823
2512 9687
2513 1048
2513 2904
2514 5910
2516 4887
2516 9193
2517 2074
2518 2719
2521 7519
2522 858
2522 1893
2522 2707
2523 6695
2528 1186
2528 9589
2529 7968
2530 428
2531 5573
2532 46
2534 2273
2536 6005
2536 8004
2539 704
2539 2099
2539 3413
2539 5149
2540 529
2540 553
2540 1576
2540 1687
2540 6247
2540 7885
2541 8408
2542 7603
2543 8606
2546 2418
2549 4689
2549 5542
2549 7407
2549 8536
2550 571
2550 701
2550 9730
2552 2026
2555 121
2555 274
2555 7155
2556 8647
2557 2855
2558 7508
2558 9403
2562 3410
2563 4377
2563 8466
2566 2514
2566 4772
2567 1782
2567 1897
2567 1981
2567 7541
2568 6426
2569 1401
2569 4104
2571 3348
2572 9172
2576 1544
2576 8813
2577 922
2577 8300
2578 5667
2578 5971
2580 43
2583 1554
2585 7721
2585 9339
2587 1926
2588 5960
2588 7849
2590 3422
2593 4874
2593 6852
2594 6747
2595 8014
2595 8510
2595 9440
2596 6828
2596 6959
2596 8152
2596 9514
2597 543
2597 1794
2597 4190
2598 35
2598 9641
2599 269
2599 7608
2601 1622
2601 8115
2602 2597
2602 6087
2603 7438
2604 339
2604 1143
2604 6866
2605 2769
2607 5381
2609 8099
2610 1155
2613 4798
2613 5416
2613 8321
2614 2159
2616 5498
2616 6936
2617 2124
2619 4295
2620 184
2620 3808
2621 7168
2622 7687
2623 6708
2624 7198
2624 9896
2626 5984
2627 7063
2632 1952
2632 5746
2634 8027
2634 9462
2635 8374
2636 2794
2636 3158
2638 2847
2638 5267
2640 987
2640 8059
2643 7255
2643 8471
2644 7527
2644 9040
2645 578
2647 4447
2651 2473
2651 8681
2652 1478
2653 2271
2654 1438
2654 7158
2654 9325
2657 301
2657 9215
2658 2918
2659 1779
2662 1182
2664 989
2664 2882
2665 4368
2666 7650
2668 2323
2668 6644
2668 8725
2671 4084
2672 1953
2672 4409
2672 5653
2673 932
2673 8327
2675 9779
2677 866
2677 3348
2677 4256
2680 4048
2684 908
2684 7309
2687 8618
2688 1903
2688 3985
2688 7479
2688 8245
2692 626
2692 4830
2696 1618
2696 9052
2697 4196
2697 8233
2699 5656
2700 9203
2701 2107
2701 7559
2702 1276
2703 3960
2703 5297
2704 2839
2706 2942
2706 8176
2707 2775
2709 7542
2711 2820
2711 7792
2712 6056
2712 6315
2712 9698
2713 5834
2714 1399
2715 1354
2718 9448
2718 9767
2719 7900
2721 6936
2723 3325
2723 8412
2724 3545
2725 8079
2728 151
2730 6932
2731 2326
2732 3083
2737 949
2737 6612
2737 8733
2738 4666
2738 9312
2739 1612
2740 4147
2742 64
2745 1881
2746 2436
2746 6755
2747 3920
2747 6048
2747 9753
2748 5199
2748 5823
2751 6831
2752 8406
2754 2256
2754 6519
2755 2225
2756 6278
2757 4175
2758 6486
2759 3838
2759 5712
2759 8309
2760 4257
2762 5475
2765 7331
2766 4668
2766 8561
2767 1553
2767 6563
2768 1082
2768 6360
2768 6770
2768 7880
2770 4559
2771 5917
2773 579
2773 4605
2773 7911
2774 8907
2776 7467
2779 214
2779 3013
2779 8635
2782 3958
2782 6185
2782 8471
2783 3257
2784 3742
2784 6905
2787 5814
2787 7783
2788 2615
2789 4066
2790 5406
2792 5505
2792 8421
2793 8966
2794 7442
2795 707
2795 1479
2796 559
2797 8347
2797 9044
2797 9364
2798 7712
2799 1062
2800 1302
2800 8131
2801 8075
2803 8946
2804 7272
2805 7340
2807 2938
2807 5656
2809 8879
2813 6307
2814 380
2814 3240
2814 6305
2816 4459
2816 7697
2817 919
2819 1326
2819 3564
2819 9651
2820 2139
2821 6747
2822 4613
2822 5327
2822 6181
2822 7284
2824 1113
2825 1527
2826 2549
2826 5259
2828 8869
2829 1579
2829 4597
2830 4109
2831 7150
2831 7786
2832 5108
2832 5306
2832 9496
2834 5631
2836 1762
2838 3030
2839 5108
2845 6581
2846 8174
2847 1725
2848 64
2848 2808
2848 6357
2849 7527
2853 334
2853 9809
2854 4252
2854 6985
2855 8907
2856 4954
2858 3334
2860 3152
2861 1576
2862 7606
2862 8362
2862 9664
2863 1523
2863 3341
2863 6296
2864 1399
2864 9957
2866 935
2866 8928
2866 9157
2869 558
2869 9369
2869 9905
2870 9483
2871 3025
2871 9584
2872 1687
2873 4930
2875 6447
2880 7193
2881 9405
2881 9508
2882 9456
2883 2058
2884 8225
2885 3045
2885 5518
2887 6943
2888 9982
2889 1097
2891 129
2891 2617
2893 7525
2895 162
2896 4205
2896 8554
2897 3887
2897 8959
2898 7621
2899 2907
2899 9210
2900 532
2900 6933
2901 2221
2901 8980
2902 5751
2903 6910
2904 3584
2905 4083
2905 6504
2905 8290
2905 9250
2908 3660
2910 8033
2911 6556
2912 3540
2913 402
2915 8671
2917 5726
2920 4269
2921 6786
2922 1111
2922 1333
2922 4657
2922 6294
2925 2635
2925 3046
2926 4949
2928 1206
2928 6191
2928 9567
2929 5995
2930 1172
2930 8761
2931 5092
2933 8644
2935 5648
2935 6055
2936 4615
2939 7193
2940 6459
2940 9645
2946 2604
2946 6769
2947 9725
2948 9438
2949 5528
2950 3658
2950 4771
2950 6831
2951 1471
2952 1154
2952 9288
2952 9491
2953 8212
2954 1962
2956 3730
2958 5176
2961 5741
2962 38
2962 722
2962 7417
2963 6935
2963 8189
2964 2993
2965 7515
2968 3334
2969 3866
2970 6548
2972 8676
2974 396
2975 1993
2975 5843
2975 8238
2977 9823
2979 6588
2980 1973
2980 2002
2980 9473
2981 6717
2982 666
2982 5188
2982 5930
2982 7840
2983 8132
2985 3282
2985 4017
2985 9613
2986 1605
2986 2421
2986 6297
2986 8844
2987 4622
2988 216
2990 1250
2991 419
2992 6528
2994 470
2995 7169
2996 5402
2996 6742
2997 4545
2998 7181
3000 8665
3001 2202
3001 3154
3003 2149
3003 4674
3003 8270
3004 6577
3005 5844
3005 7294
3006 9538
3006 9976
3007 4405
3008 5041
3010 5374
3013 433
3013 1462
3014 6335
3015 2336
3015 6477
3016 3786
3017 7038
3017 9333
3018 1176
3020 668
3025 1808
3026 3228
3026 4755
3027 4876
3029 3930
3033 8134
3040 609
3040 5800
3041 1575
3042 2866
3044 9856
3045 7066
3047 9776
3050 2908
3050 6602
3051 1105
3051 8679
3056 288
3058 4666
3059 9145
3061 4512
3061 8790
3062 5782
3063 389
3063 2008
3063 6031
3065 350
3065 6630
3067 7014
3067 7567
3067 8957
3069 5755
3069 9291
3070 2647
3070 6732
3072 4316
3072 6496
3072 7979
3073 8715
3074 1789
3074 4830
3075 5689
3076 1850
3076 5891
3077 46
3077 7835
3078 157
3079 3505
3081 1097
3082 2840
3082 4083
3082 4730
3083 4885
3084 1916
3085 2938
3085 4649
3086 1110
3091 3053
3091 7910
3092 691
3094 1556
3094 2855
3094 8079
3095 6828
3095 9730
3098 712
3099 3478
3100 7202
3100 8876
3101 9914
3102 6356
3103 7339
3103 8251
3104 6104
3106 9226
3108 290
3109 4456
3109 8213
3111 725
3111 793
3111 1202
3114 8747
3118 7625
3120 3901
3121 2789
3123 456
3123 8780
3125 9769
3126 9367
3128 1294
3130 1431
3132 840
3135 1555
3135 3752
3135 5422
3135 9994
3136 1803
3136 7884
3137 5198
3139 1205
3140 3921
3141 4064
3141 4306
3141 4406
3142 2007
3144 7451
3146 886
3151 3041
3151 6112
3151 9740
3152 1084
3152 5691
3153 6492
3157 3580
3158 611
3158 3356
3158 7229
3160 211
3160 7739
3162 9369
3164 5867
3166 3666
3167 2978
3167 6407
3167 9485
3172 5476
3172 8283
3174 2619
3174 4462
3174 5167
3175 776
3180 7745
3182 215
3182 3867
3184 9238
3185 4398
3185 6384
3186 6080
3187 606
3187 9281
3189 1080
3190 3839
3190 8407
3191 6798
3192 2121
3192 9634
3195 1436
3195 6810
3196 7501
3196 7872
3200 601
3202 6139
3203 410
3206 9076
3209 2310
3209 9703
3211 3025
3211 9908
3213 2147
3214 619
3214 2448
3215 8503
3216 8979
3217 6674
3219 2098
3219 8342
3222 1507
3224 1539
3224 8347
3224 9558
3225 1134
3227 649
3227 3195
3227 9723
3230 121
3230 9101
3231 8299
3233 4818
3235 5034
3236 7545
3237 3270
3237 3809
3237 6020
3238 5020
3238 6155
3239 7052
3242 9647
3244 6739
3245 9193
3246 2234
3246 4478
3246 8909
3247 9535
3249 6147
3250 3148
3250 4910
3252 8068
3252 9335
3253 447
3256 8914
3257 2374
3259 4389
3259 7247
3262 1625
3265 6341
3266 1370
3266 3515
3268 1397
3268 4971
3269 2167
3269 3205
3269 3979
3270 1113
3270 7595
3274 5047
3276 6287
3277 3845
3278 2813
3278 6044
3279 4012
3281 4226
3283 1707
3283 6435
3284 6306
3289 1333
3290 7924
3291 6498
3293 5078
3296 3867
3300 1612
3301 40
3301 3084
3301 6520
3301 9250
3301 9288
3303 5711
3304 8465
3308 5854
3308 6815
3309 5743
3310 9775
3311 1104
3314 4051
3315 3657
3316 2021
3316 2737
3317 8783
3318 2106
3319 151
3319 1702
3322 959
3325 1784
3325 2794
3325 8471
3327 4601
3328 6523
3329 1877
3329 2291
3329 6832
3335 644
3335 5865
3335 6215
3336 849
3337 5143
3338 4096
3339 838
3339 7524
3341 7162
3342 6809
3342 7669
3343 5245
3343 5652
3344 8232
3345 992
3347 3393
3348 1857
3349 2765
3350 9759
3351 501
3351 755
3352 3540
3353 6919
3353 9050
3354 4057
3354 6749
3356 8502
3358 675
3360 9572
3361 2405
3361 3232
3362 4259
3362 6888
3363 3801
3363 5634
3364 2327
3364 5073
3365 3159
3366 1483
3366 8805
3367 4314
3368 5393
3368 9233
3370 5929
3370 8731
3372 2491
3372 7077
3373 3553
3373 8993
3374 492
3374 2769
3375 8485
3376 4534
3376 8665
3377 9590
3378 5598
3378 7060
3379 137
3380 1207
3380 2955
3380 4290
3380 5151
3382 6405
3382 9031
3384 3309
3384 8751
3387 5129
3387 5303
3390 8099
3394 1275
3394 7836
3397 8279
3400 832
3401 9695
3402 7120
3403 3605
3403 6328
3405 6387
3408 3617
3408 8802
3409 2579
3409 7184
3411 804
3411 2551
3411 6355
3411 6638
3411 9249
3413 3369
3414 9504
3415 8665
3416 6992
3417 1414
3418 1258
3422 6808
3423 2798
3423 5945
3424 4115
3425 7815
3426 8549
3428 3928
3428 4703
3429 4449
3432 2008
3432 7298
3434 1543
3436 8079
3438 692
3438 6827
3439 8469
3440 4304
3441 984
3441 4777
3443 2730
3444 8714
3445 3838
3447 8466
3448 1267
3448 2892
3449 8266
3451 4026
3452 353
3452 1844
3453 1809
3453 7116
3453 7140
3454 7332
3454 7934
3455 909
3455 2560
3457 4989
3457 8604
3458 5144
3459 3181
3460 270
3460 6476
3461 254
3461 1033
3461 7265
3463 5147
3465 3091
3465 5747
3465 5752
3465 5774
3468 5212
3469 5244
3472 646
3473 1804
3474 4201
3474 4688
3475 186
3481 4979
3481 7989
3482 1442
3484 1452
3484 5472
3484 8530
3485 5441
3485 9725
3486 4117
3488 5937
3488 9640
3489 2618
3489 7888
3489 9871
3491 3006
3492 2871
3492 3275
3494 8126
3496 9370
3500 2428
3501 7979
3506 1064
3506 1579
3506 8705
3509 6839
3511 1015
3512 5990
3514 1715
3515 2831
3517 642
3517 4720
3517 9097
3518 3803
3519 2691
3519 9885
3523 5572
3525 9015
3526 2870
3526 6163
3527 8104
3528 694
3528 7510
3529 3320
3530 5400
3532 9384
3533 8632
3534 7867
3539 7156
3540 412
3540 9212
3542 2543
3545 7876
3546 689
3546 8923
3547 2359
3547 3428
3547 7933
3548 3711
3548 4582
3548 6373
3548 7762
3549 796
3550 6859
3551 6734
3552 3964
3552 5549
3553 3764
3554 2332
3554 8811
3555 3065
3555 6499
3558 563
3560 1475
3560 6677
3561 95
3562 545
3562 1482
3562 3856
3562 8979
3563 8243
3564 3201
3564 6691
3565 7872
3566 8067
3567 4206
3567 7843
3567 9941
3568 1780
3568 3222
3569 4073
3570 5761
3572 5608
3573 2175
3573 8138
3574 2550
3574 6560
3575 2175
3575 5167
3575 8110
3576 8965
3579 1226
3580 6109
3580 9757
3581 1277
3582 7761
3584 6358
3584 8790
3586 6586
3590 5980
3591 2821
3591 5031
3593 1919
3593 3174
3593 7637
3594 357
3594 8685
3595 7354
3596 9406
3597 1587
3597 2275
3597 8083
3599 7973
3601 2027
3603 902
3604 3214
3605 7589
3606 9709
3607 8405
3608 8083
3609 333
3609 1643
3609 1952
3609 6951
3610 603
3610 1709
3610 2855
3610 3216
3610 5873
3611 3291
3611 9308
3612 4232
3612 4629
3612 8257
3612 9025
3613 3531
3613 9159
3617 1067
3617 4276
3618 5166
3618 5315
3619 3566
3622 6520
3622 6680
3624 1864
3624 6335
3624 7196
3624 9796
3625 1136
3625 1599
3629 5204
3629 7345
3630 1582
3630 3906
3631 5032
3634 3522
3634 9612
3635 1013
3635 4796
3635 5867
3635 8112
3635 9213
3636 1312
3637 3641
3638 5981
3639 4173
3640 785
3641 2437
3642 8065
3645 979
3645 4403
3645 6846
3647 4434
3648 258
3649 3211
3650 601
3651 2177
3652 1231
3653 5334
3654 9264
3655 4002
3659 656
3660 7698
3661 4351
3662 1652
3662 3546
3662 6176
3662 6294
3669 2973
3669 5226
3670 577
3670 7980
3671 3717
3673 3621
3674 7415
3675 9008
3677 3964
3680 422
3680 4026
3682 264
3683 7981
3684 7241
3685 7249
3686 8352
3689 560
3689 1357
3689 8363
3689 9228
3690 3966
3691 2929
3692 1802
3692 7728
3694 5359
3695 1806
3695 8516
3696 5720
3700 2861
3700 5525
3701 6435
3701 8529
3701 8581
3703 2003
3703 9024
3703 9816
3705 3218
3705 6583
3705 9522
3707 3395
3709 7339
3711 525
3712 6823
3714 6611
3716 737
3720 1804
3720 4659
3720 9613
3721 8064
3723 568
3725 2453
3726 8277
3726 9942
3728 2664
3729 5855
3729 9809
3731 4967
3731 6096
3731 6403
3731 9833
3733 1684
3734 1375
3734 6197
3735 3946
3735 9897
3738 5878
3739 4497
3739 5431
3739 8432
3740 4924
3740 5815
3743 449
3743 5190
3743 9521
3745 2800
3745 3690
3745 9548
3746 9395
3747 2286
3747 6345
3748 662
3748 2425
3748 9584
3749 898
3750 8611
3753 841
3753 3765
3753 8920
3754 169
3754 9668
3758 6230
3759 5273
3762 4669
3762 5944
3763 4996
3763 6179
3765 2009
3767 6304
3768 6096
3768 6123
3768 9010
3769 3131
3771 3646
3772 9027
3774 428
3774 934
3777 1844
3778 7717
3779 16
3779 4286
3780 9036
3780 9385
3781 7121
3781 8049
3784 4409
3784 6913
3785 3165
3785 4023
3785 4204
3786 5000
3787 3263
3787 7575
3787 9678
3789 3611
3791 6988
3792 3995
3794 2740
3795 2437
3795 4545
3795 8652
3796 4515
3796 9970
3798 457
3798 5784
3801 2118
3801 5777
3803 5244
3804 8057
3804 9196
3806 6865
3809 9474
3811 1403
3815 6144
3816 5642
3816 9538
3818 1200
3819 1830
3821 3568
3822 515
3822 1044
3822 4589
3823 8058
3824 4391
3825 3374
3826 3911
3827 3448
3828 1365
3829 3054
3829 4131
3831 1269
3832 8060
3835 4140
3835 6479
3837 4876
3837 5642
3838 8905
3840 8937
3840 9306
3841 714
3842 2980
3842 3797
3843 3071
3843 3287
3843 4416
3844 6001
3847 351
3847 9148
3848 7250
3851 474
3852 4656
3852 9209
3853 5523
3854 7765
3855 2296
3855 5040
3855 7245
3856 3835
3858 5065
3861 3674
3862 6344
3864 1994
3864 7453
3865 2
3866 2198
3869 9272
3870 249
3871 6626
3872 5570
3872 8059
3873 2801
3874 1958
3876 3558
3880 4737
3881 1196
3881 5580
3883 5901
3886 36
3886 9545
3887 7462
3888 3553
3889 9339
3890 6230
3891 1713
3891 1847
3893 2629
3894 4769
3895 9678
3896 7416
3896 8347
3897 7091
3900 890
3901 7112
3903 3921
3903 4334
3904 188
3904 4579
3905 1380
3905 2108
3906 4228
3906 4499
3906 9045
3908 9903
3909 4131
3910 175
3910 1098
3910 3245
3910 5459
3911 9949
3912 6407
3913 3159
3920 1433
3920 5189
3921 3168
3922 6922
3922 7046
3924 7791
3925 9940
3926 9814
3927 2042
3927 3161
3928 8945
3930 1652
3930 1671
3930 6807
3932 316
3932 825
3932 5859
3933 3570
3933 4939
3934 511
3934 7676
3937 4747
3942 565
3942 3512
3943 7409
3944 2093
3945 4043
3948 1589
3948 3406
3950 7563
3951 9401
3952 589
3952 4374
3952 8209
3954 5361
3955 789
3956 1739
3959 6407
3959 8438
3960 2511
3961 4069
3962 5847
3963 8786
3964 1779
3964 2325
3965 3586
3967 5141
3971 7256
3972 9557
3973 4163
3973 6170
3973 7711
3973 9087
3973 9842
3974 852
3976 6580
3976 7748
3978 6523
3979 4410
3979 5999
3981 3653
3981 6358
3981 9557
3982 5601
3982 5903
3984 1954
3985 3933
3986 6399
3987 810
3987 3145
3987 3246
3987 6617
3993 8479
3994 6179
3995 5130
3995 5461
3995 8394
3996 3910
3997 6315
3998 9443
3999 3824
3999 7947
4000 5141
4001 742
4002 1796
4003 4890
4004 8905
4005 4122
4005 6371
4009 4326
4010 1681
4011 7549
4012 544
4012 1172
4013 112
4015 172
4015 9654
4016 5743
4017 9498
4019 953
4020 4439
4021 7541
4023 1669
4023 7026
4024 382
4024 2480
4024 2717
4025 1480
4026 1088
4027 9848
4028 2159
4031 4162
4032 3843
4034 1055
4035 504
4036 8739
4037 9515
4038 4477
4040 6581
4041 2319
4041 6117
4043 4324
4043 5243
4044 933
4046 2533
4046 7545
4048 1710
4048 9196
4050 1542
4050 6366
4051 237
4051 2196
4052 638
4052 1334
4052 8759
4056 91
4056 2181
4057 7273
4060 5511
4061 2013
4061 6821
4061 9682
4062 333
4066 6453
4067 5413
4067 8620
4068 4504
4069 5650
4071 4107
4072 1966
4072 4433
4073 9224
4074 3424
4077 48
4077 927
4077 1581
4077 3471
4078 7035
4080 1218
4082 6852
4085 6848
4085 6942
4086 5283
4086 6212
4088 290
4088 5244
4089 2498
4089 4180
4090 1946
4092 4756
4095 2196
4097 1409
4097 3078
4097 5432
4097 5935
4098 4557
4101 4246
4101 9185
4104 7361
4105 254
4106 39
4106 1311
4107 40
4107 5928
4112 6552
4113 4163
4114 6538
4115 458
4115 8565
4116 3129
4118 1173
4119 2435
4122 4897
4124 801
4124 3962
4124 4984
4124 9328
4125 5267
4125 5564
4126 4520
4127 807
4127 6126
4127 8826
4128 4257
4128 7635
4128 9077
4133 9478
4135 6368
4137 8140
4140 4711
4142 2598
4142 5099
4143 275
4143 4746
4144 1136
4144 1460
4144 6507
4146 1530
4146 5460
4148 6191
4149 843
4149 3950
4149 4539
4150 3766
4150 6124
4152 3115
4153 2474
4153 4862
4155 7208
4156 4249
4156 5205
4157 2072
4157 2201
4159 2895
4160 4978
4161 9949
4162 3220
4163 4833
4163 9097
4164 4708
4166 1797
4166 8062
4167 3711
4168 5587
4169 87
4170 1199
4170 8491
4176 3859
4177 3524
4177 8498
4179 8008
4180 2004
4180 6115
4181 6358
4182 3517
4182 4950
4183 7702
4184 2653
4187 296
4188 6205
4190 3037
4190 4670
4191 3131
4191 6805
4191 7048
4192 4391
4192 7211
4193 2548
4193 5944
4197 4578
4197 8698
4197 9544
4199 2847
4200 5229
4200 7127
4201 5715
4202 1352
4203 9135
4204 4611
4204 6231
4205 1985
4205 9848
4207 3344
4208 575
4208 6980
4209 1782
4209 2738
4209 4454
4210 4255
4210 6106
4210 6699
4211 9268
4212 1862
4214 9340
4215 4883
4217 8781
4217 9887
4221 1439
4221 8203
4222 6531
4223 31
4224 8346
4224 8489
4225 1745
4227 17
4227 2878
4227 8699
4229 1431
4230 7355
4230 8694
4231 9610
4232 4468
4235 1132
4236 5660
4237 266
4237 5275
4237 8817
4238 2249
4239 1821
4239 2024
4239 2350
4239 2950
4242 6218
4242 9040
4243 3773
4244 3379
4245 2333
4247 4627
4247 7170
4248 1076
4248 8259
4249 4171
4250 5787
4253 3122
4253 3332
4253 6960
4254 8038
4256 1842
4258 2759
4258 6779
4258 7791
4259 4253
4261 1749
4261 9053
4262 9993
4265 710
4265 5695
4265 9869
4266 2260
4267 6259
4267 8961
4267 9798
4268 2584
4268 4328
4268 4663
4269 3618
4269 6417
4270 1010
4271 3352
4271 9284
4272 1093
4272 3790
4272 6473
4274 3872
4275 952
4275 2560
4275 7444
4276 7518
4278 1135
4278 2242
4278 7416
4278 8050
4279 9229
4280 3211
4282 3492
4282 5559
4282 7941
4283 2295
4283 3923
4283 5757
4284 1003
4284 3606
4284 8583
4285 8682
4286 22
4286 501
4286 3699
4287 1518
4289 9931
4290 8915
4291 259
4291 7281
4292 1817
4294 8461
4295 6508
4297 4782
4297 8333
4297 9038
4298 3979
4302 1105
4303 1735
4303 3171
4305 966
4308 811
4308 6353
4309 1558
4309 2239
4309 2927
4311 1652
4311 6039
4314 8045
4314 8307
4315 3345
4315 8045
4317 5866
4317 9203
4319 9196
4320 9903
4322 7980
4324 4639
4324 5544
4325 667
4325 3503
4326 4136
4327 4828
4328 9912
4329 7435
4331 2795
4331 3662
4331 6478
4331 7632
4333 8839
4334 2076
4334 8193
4335 8152
4336 4296
4338 1096
4338 6184
4342 9258
4345 8076
4347 8862
4348 2153
4348 4518
4348 4715
4348 4924
4348 5198
4352 259
4355 2517
4356 4019
4356 6760
4357 4139
4357 6442
4358 8589
4361 6296
4362 8441
4363 4131
4363 9290
4365 348
4365 3552
4365 6578
4367 5754
4367 6902
4368 2446
4368 6310
4370 1073
4371 1110
4372 9302
4373 4774
4373 8044
4374 6915
4374 7849
4375 9467
4376 3253
4377 6515
4381 6410
4382 922
4383 2406
4383 6819
4385 2903
4385 6333
4387 1294
4388 5866
4389 682
4389 9681
4390 8592
4394 1701
4394 3422
4394 7421
4394 7519
4394 9586
4395 8026
4396 4415
4397 547
4397 5941
4398 3699
4398 6262
4399 7942
4400 1706
4402 8001
4403 9197
4404 1522
4408 1533
4409 6594
4410 1983
4410 7118
4411 1846
4411 9013
4418 4109
4418 5357
4418 5529
4421 4809
4421 5897
4423 2079
4423 9821
4424 2497
4425 1980
4426 234
4426 9482
4427 7963
4428 4071
4430 3178
4430 3676
4435 7246
4436 2481
4438 2450
4438 4302
4439 865
4439 9584
4442 805
4443 380
4443 1031
4444 8423
4445 9368
4448 793
4452 8709
4453 5389
4453 8625
4454 1290
4454 5157
4460 675
4460 1356
4460 9170
4462 1304
4464 3183
4464 6286
4465 5872
4467 5113
4468 6949
4469 8167
4471 9799
4472 213
4473 4534
4473 8007
4474 805
4474 3286
4474 4360
4474 6590
4475 8475
4476 7759
4479 509
4479 9415
4481 9361
4484 486
4484 3906
4484 3917
4485 3304
4485 4762
4486 1804
4486 2187
4487 1899
4487 6573
4488 9394
4489 768
4489 1083
4489 7864
4489 9816
4489 9904
4490 46
4490 3682
4492 5638
4493 9227
4494 4798
4495 3265
4496 5027
4496 6650
4498 5087
4498 9356
4500 359
4500 5674
4501 458
4504 2003
4504 9718
4508 3410
4509 9250
4509 9499
4510 6500
4511 349
4511 1834
4513 8582
4514 287
4514 7640
4516 3024
4518 3532
4519 3521
4520 3481
4522 1738
4522 9996
4524 6014
4525 3438
4527 7766
4528 5203
4529 1611
4529 6489
4530 1789
4532 5922
4532 6318
4532 9758
4533 9497
4534 4695
4534 6209
4534 6543
4539 443
4539 3904
4540 1038
4540 5838
4543 3329
4545 4244
4546 7031
4547 632
4547 1918
4547 7043
4547 9382
4548 4084
4548 7128
4549 3334
4549 6771
4549 8006
4550 5439
4550 7099
4551 5429
4552 2435
4552 5002
4552 9961
4553 6666
4554 3020
4554 9473
4556 9846
4559 5145
4559 7751
4560 9421
4561 3277
4561 3597
4561 8269
4561 9195
4564 4909
4565 5508
4572 3052
4572 3055
4572 5616
4573 1515
4574 5788
4574 9825
4576 5133
4578 8709
4580 4205
4580 5804
4581 2998
4584 9342
4585 1882
4587 842
4587 1497
4587 7162
4590 969
4590 4280
4591 1711
4592 854
4593 5786
4593 6349
4594 2261
4595 1295
4596 1613
4597 9384
4598 3248
4598 4853
4598 8076
4599 5451
4599 7960
4599 8121
4600 76
4600 186
4600 2246
4602 9604
4606 7700
4607 1103
4608 8769
4609 8275
4610 1078
4610 4430
4610 6315
4610 6856
4612 511
4612 3313
4612 4707
4614 3863
4616 8147
4622 1164
4622 7139
4624 1141
4624 3951
4624 5851
4625 7408
4626 299
4628 8830
4629 55
4630 4032
4631 6330
4631 6793
4632 4497
4632 9019
4633 3181
4633 7794
4634 1732
4636 7335
4640 9599
4641 8582
4643 542
4643 5704
4643 6080
4645 8748
4646 80
4647 8253
4647 9293
4648 4834
4649 5205
4650 4920
4651 5805
4652 4318
4653 5000
4653 8683
4655 9040
4656 6406
4656 6622
4656 7435
4658 270
4658 9675
4658 9905
4665 680
4666 1668
4668 1262
4668 7680
4669 4630
4669 5492
4669 7852
4669 9397
4670 1156
4673 7085
4674 6521
4676 1139
4678 5562
4679 1806
4679 7135
4680 8735
4681 3219
4682 7452
4683 1138
4683 7118
4686 4378
4689 7486
4690 629
4690 4164
4690 4884
4690 8533
4691 2859
4691 5264
4692 218
4692 1497
4694 1789
4694 2580
4694 3164
4695 6357
4696 386
4697 5763
4697 8475
4697 8589
4697 9415
4698 9415
4701 7171
4701 7489
4705 9636
4706 9184
4709 5095
4709 8618
4710 1605
4710 6299
4711 1327
4713 2676
4713 2830
4714 6867
4715 4913
4715 6700
4716 1648
4717 1912
4718 4632
4719 2370
4720 8450
4721 4269
4723 3667
4723 4513
4723 6341
4724 2604
4725 6518
4725 9138
4726 4417
4726 8214
4727 9763
4728 1208
4729 4019
4731 2444
4731 3684
4732 8227
4733 5104
4734 2167
4735 4025
4736 184
4736 9338
4737 7960
4740 2965
4740 3512
4740 9059
4742 2373
4745 5106
4750 914
4751 2827
4751 3315
4752 406
4752 5746
4752 9353
4755 8875
4756 8910
4758 881
4760 1730
4761 8599
4761 9227
4762 1406
4762 1414
4763 9788
4764 8371
4764 8526
4765 1231
4765 3000
4765 5435
4766 6114
4766 7612
4766 9532
4767 3556
4770 7826
4775 9804
4775 9930
4776 2943
4776 7825
4777 8003
4778 7985
4779 7908
4781 6064
4781 6659
4783 3201
4783 8059
4784 8426
4785 2840
4785 6983
4786 1523
4786 5771
4787 3640
4788 2232
4789 8339
4794 5288
4794 9153
4795 3100
4795 7313
4796 4095
4796 8982
4797 5320
4797 6538
4800 142
4800 7852
4800 9555
4801 2531
4801 3625
4802 1427
4803 6877
4804 6821
4805 5711
4806 182
4808 4567
4808 9508
4809 4042
4812 8461
4813 2023
4815 3817
4817 3838
4817 7708
4820 2912
4823 6595
4824 7507
4825 2414
4825 3475
4825 4604
4827 6108
4828 8249
4828 8696
4830 3787
4831 1500
4831 4059
4831 5623
4831 7702
4832 3459
4832 6758
4832 6781
4834 3301
4834 9775
4835 9501
4836 3281
4836 8555
4836 9255
4836 9572
4837 6745
4839 1396
4839 6753
4839 7358
4839 8945
4840 1053
4840 8297
4841 5874
4842 7125
4842 9192
4844 3692
4845 294
4845 7763
4846 7467
4848 7503
4848 9274
4849 2316
4849 9030
4850 339
4850 5839
4853 328
4854 2686
4855 2269
4856 1722
4856 3452
4856 6935
4856 7991
4857 9452
4857 9937
4858 9357
4859 769
4861 779
4861 5503
4863 3470
4863 3898
4863 5510
4865 5143
4865 7067
4869 5615
4871 5249
4872 3620
4872 7718
4873 7316
4873 8518
4876 863
4880 2603
4880 8944
4886 784
4886 9242
4890 1063
4891 4462
4891 8705
4892 4285
4893 2462
4893 6647
4894 276
4894 1515
4894 1939
4897 2946
4897 9107
4898 3018
4898 9059
4899 5739
4899 6581
4900 4009
4901 6233
4901 7597
4902 6140
4902 8126
4902 9022
4904 1782
4910 391
4910 4010
4910 9528
4911 9752
4912 4448
4912 8410
4915 2494
4917 4421
4919 6944
4921 7435
4921 9296
4923 9484
4924 9229
4925 5276
4927 9812
4928 4915
4930 1205
4931 250
4931 9078
4932 7815
4934 21
4934 4772
4937 6179
4938 1395
4938 7380
4939 1507
4939 3495
4939 3711
4940 4417
4942 4899
4944 9253
4948 1088
4948 2142
4948 6093
4949 1202
4949 5082
4949 6735
4949 7752
4951 3505
4954 6563
4955 1439
4955 3962
4955 5623
4958 3931
4960 7728
4962 9739
4963 1546
4963 5733
4964 8723
4965 3386
4965 6329
4965 6938
4966 9065
4967 2046
4969 3172
4973 2794
4974 4430
4975 8307
4977 56
4977 9980
4978 8126
4979 7866
4979 9764
4980 2680
4980 2934
4981 6112
4981 6701
4983 6016
4984 5647
4985 1490
4986 7017
4987 6419
4989 905
4990 9272
4991 5067
4991 7188
4992 6620
4993 4600
4993 5889
4994 6625
4994 9191
4994 9549
4995 5378
4996 2117
4997 312
4997 4507
4997 8103
4998 5153
5001 4618
5001 6181
5001 9337
5002 9216
5004 2197
5004 4568
5004 8604
5005 5497
5006 2966
5006 5581
5007 2148
5009 1201
5009 7226
5011 875
5012 6267
5012 9070
5012 9602
5013 4402
5014 7560
5015 742
5015 5323
5015 9408
5016 7571
5023 2918
5024 5543
5026 9815
5027 1435
5027 2278
5027 2636
5027 7810
5028 4638
5029 7602
5030 7461
5031 5118
5032 706
5032 2353
5032 5100
5033 170
5036 705
5038 9267
5041 8748
5041 9531
5042 2180
5042 8478
5046 3263
5047 4462
5047 7831
5048 3307
5048 8452
5049 1008
5050 5400
5050 9932
5051 4015
5051 7658
5053 2640
5053 9269
5055 3232
5055 9235
5056 7152
5056 7536
5056 9731
5058 4218
5059 4370
5060 401
5061 3464
5068 9736
5069 3542
5072 1505
5072 3021
5072 9082
5073 8518
5074 3759
5075 5664
5076 5439
5079 2121
5080 1765
5080 2890
5080 6466
5082 7227
5083 1386
5083 5641
5085 5758
5086 2777
5086 5125
5089 7969
5090 430
5090 3075
5090 5921
5093 2698
5093 3229
5093 4190
5094 1002
5094 7917
5094 8747
5095 5153
5095 6287
5095 9812
5096 4686
5099 2752
5099 9494
5100 5733
5100 9245
5101 726
5101 8633
5101 9576
5102 733
5102 7589
5102 7682
5103 3370
5103 4552
5103 5318
5104 2968
5105 5891
5105 7039
5107 498
5107 9239
5109 4311
5109 7455
5109 7842
5111 3355
5112 8379
5113 698
5116 8633
5117 8897
5118 7052
5120 8470
5120 8492
5121 1573
5121 7401
5121 8249
5121 9312
5123 3424
5124 4378
5124 7063
5128 2232
5128 4714
5129 9361
5129 9609
5131 939
5132 4391
5133 550
5134 6187
5134 7623
5134 9586
5135 2894
5135 4313
5135 5037
5137 5829
5137 8928
5138 1789
5138 1930
5138 3887
5139 1636
5139 2894
5141 3119
5142 5832
5143 9585
5144 6111
5144 6724
5146 4459
5146 7325
5147 7774
5147 8915
5148 3031
5149 1874
5149 3385
5149 4381
5151 2598
5152 4744
5153 6378
5156 3322
5156 8698
5156 8991
5157 5727
5157 8363
5159 3397
5159 4433
5160 561
5160 4677
5162 828
5162 3445
5163 9366
5164 296
5165 2682
5165 7832
5166 992
5166 1411
5166 4399
5166 9877
5167 5369
5167 8659
5168 7208
5169 5567
5169 5700
5169 5991
5171 9191
5172 2436
5173 1509
5173 4878
5173 8054
5175 7251
5177 7546
5178 8120
5181 2491
5181 9757
5183 2674
5183 8416
5183 9438
5184 7806
5185 3872
5185 4771
5187 1266
5187 7811
5188 3714
5189 6181
5192 868
5193 8158
5194 4847
5194 9390
5195 1900
5196 112
5196 1909
5197 3576
5198 5557
5199 8563
5200 2618
5200 8550
5201 3557
5202 4328
5202 4467
5203 4786
5203 6146
5203 6540
5203 8353
5203 8405
5203 9629
5204 837
5204 1396
5204 9503
5207 2648
5207 2948
5207 8501
5208 8040
5209 1035
5210 8840
5210 8867
5211 6702
5215 4743
5215 5994
5216 1725
5219 1500
5219 7096
5220 4991
5220 7630
5220 8171
5220 9991
5222 8323
5222 9082
5224 1582
5227 2149
5227 3446
5227 5928
5228 2846
5228 3941
5228 5277
5229 5877
5229 7553
5230 2117
5231 4582
5232 2951
5233 100
5233 3965
5233 4594
5233 6783
5234 3537
5235 114
5236 4187
5237 4599
5238 2575
5239 1991
5240 7293
5241 7683
5245 1728
5250 2902
5250 4027
5252 9098
5254 1721
5254 2040
5254 6961
5255 3298
5258 754
5258 6178
5258 9229
5259 3591
5259 5498
5264 2439
5265 1419
5266 1129
5266 4901
5267 1198
5267 2490
5268 2536
5270 5900
5271 1096
5271 7939
5272 5534
5275 1329
5275 2021
5275 3578
5275 7551
5276 3023
5276 7036
5276 9348
5279 495
5280 489
5283 1561
5284 2772
5284 7726
5285 3182
5285 5436
5288 108
5288 4835
5288 8372
5293 6624
5294 5873
5295 2025
5295 4123
5295 4881
5295 9481
5297 2141
5300 1116
5300 5113
5300 5813
5300 6432
5301 170
5301 3391
5302 2353
5303 8794
5305 2639
5305 7412
5306 2266
5307 873
5307 2473
5307 3235
5310 5451
5311 1829
5311 7728
5311 8348
5312 9221
5313 7252
5315 1343
5316 9739
5319 533
5321 1127
5324 1279
5324 8054
5326 306
5326 8018
5326 8397
5327 4942
5327 5309
5328 4305
5328 6691
5328 7133
5330 6451
5331 9932
5333 5407
5334 9005
5335 8575
5336 4734
5337 5914
5338 3686
5338 4599
5338 9735
5339 237
5339 5592
5340 5898
5341 9588
5342 2264
5345 3202
5346 2568
5346 6661
5348 1517
5355 6483
5356 7131
5357 9980
5358 4585
5358 7361
5358 9206
5359 8766
5360 2823
5362 9602
5362 9778
5365 8934
5366 644
5366 6662
5367 8521
5372 7582
5373 8555
5378 1541
5378 5340
5378 9649
5379 7033
5379 9689
5380 2709
5380 4663
5381 878
5381 5288
5382 5017
5386 9774
5387 4394
5388 4422
5388 6255
5390 7068
5390 7780
5391 444
5391 6126
5391 9550
5391 9731
5392 9427
5393 4616
5394 9881
5395 9198
5396 3322
5398 3476
5398 8598
5400 1266
5400 7926
5401 853
5401 1593
5401 6547
5401 6966
5402 5361
5403 99
5403 3138
5403 7103
5404 887
5405 9235
5406 5246
5407 4555
5407 6664
5407 8816
5409 8133
5410 335
5411 2732
5411 7696
5412 3
5412 3999
5413 5527
5415 126
5416 8719
5417 7289
5419 6464
5422 66
5424 1099
5424 6562
5425 9876
5426 1898
5426 4648
5428 5295
5429 8687
5429 9086
5431 222
5431 542
5431 8930
5432 2190
5433 778
5433 1726
5433 7969
5434 1544
5434 7822
5437 199
5438 6893
5439 8105
5440 6307
5441 7636
5442 2868
5443 933
5443 9707
5444 5545
5444 8108
5445 1994
5448 9684
5449 3640
5449 6003
5453 2204
5453 3657
5453 6112
5454 7851
5456 4445
5457 4565
5459 1272
5459 7356
5462 2988
5462 6517
5463 2160
5463 8649
5464 2455
5464 4365
5467 1082
5467 5377
5467 8998
5468 7377
5470 2608
5470 7356
5471 5870
5471 7522
5472 4443
5472 9150
5472 9162
5473 7021
5474 1308
5474 2311
5474 6411
5475 2084
5475 7886
5481 2457
5481 4305
5483 9566
5485 5982
5486 1999
5486 3969
5487 5165
5489 5839
5489 5964
5489 8024
5490 4241
5491 1054
5492 6381
5493 7864
5494 451
5495 623
5499 7865
5500 2016
5500 8075
5501 2166
5501 4648
5501 9731
5502 5015
5502 6932
5505 7126
5505 9475
5506 7789
5508 183
5509 3542
5511 4297
5513 4491
5513 7066
5514 8501
5517 2130
5518 8051
5519 7519
5521 1473
5521 6266
5522 5364
5522 8405
5524 6588
5525 3496
5525 8411
5528 8873
5529 7633
5531 5737
5531 8535
5532 4221
5533 998
5534 8830
5535 3135
5535 6303
5540 424
5540 811
5542 9182
5543 1787
5543 7552
5546 3840
5547 647
5551 125
5552 8466
5554 3328
5556 293
5556 580
5557 5618
5561 9552
5561 9766
5563 5806
5566 344
5567 3917
5568 2497
5571 2304
5572 4557
5572 4962
5572 8719
5574 2572
5574 5291
5576 3354
5576 3940
5576 4836
5576 9374
5579 8357
5583 8862
5583 9652
5584 1937
5585 5696
5586 8346
5587 3228
5587 4109
5587 4593
5588 3477
5590 2881
5590 7277
5591 1072
5592 9296
5593 9516
5595 3388
5595 7899
5596 8975
5597 272
5600 2354
5600 9487
5603 7990
5603 8753
5605 4066
5606 5498
5606 9038
5610 5741
5610 6850
5611 465
5611 1886
5611 4319
5611 4408
5611 5566
5611 9692
5616 2357
5616 4760
5619 560
5620 2421
5620 2885
5620 3441
5622 2118
5624 5313
5624 7976
5625 6886
5626 2264
5631 1186
5631 3061
5632 389
5633 6434
5633 7541
5634 6928
5634 8648
5635 9566
5636 3760
5637 5134
5638 392
5638 1266
5639 9349
5641 2436
5641 9008
5642 4225
5647 5983
5648 272
5648 2969
5648 6667
5649 6236
5650 474
5652 5022
5652 7888
5653 5539
5653 9963
5655 1809
5655 5614
5656 1777
5656 4643
5656 6956
5657 8416
5658 6014
5659 795
5661 4002
5661 4454
5662 3460
5662 6196
5662 7886
5662 9234
5663 4892
5664 4437
5666 1761
5668 644
5668 5855
5670 7932
5671 4927
5672 7866
5675 21
5675 1632
5675 1663
5675 1996
5676 2947
5676 8473
5676 8541
5677 6337
5677 8613
5680 630
5680 2552
5681 6419
5682 2706
5686 846
5687 1197
5689 354
5689 3532
5690 7421
5690 9323
5691 8306
5692 818
5692 4554
5695 786
5695 9608
5697 4935
5700 982
5700 5656
5701 153
5701 1250
5701 2062
5701 5573
5701 6647
5702 416
5703 9546
5705 38
5705 6686
5714 2953
5714 4295
5714 5864
5720 6920
5722 2645
5722 8809
5724 2650
5725 8817
5726 7364
5726 7520
5727 2556
5727 2960
5728 162
5728 5722
5730 8339
5731 2230
5732 4739
5732 5492
5733 1296
5733 3461
5733 8509
5734 1008
5736 4233
5736 6127
5736 8498
5738 761
5740 3879
5741 3704
5741 8408
5742 1426
5742 2623
5744 4604
5745 9201
5747 436
5747 7762
5752 5838
5753 7211
5754 2756
5754 3418
5756 1019
5757 3253
5758 9305
5759 4151
5760 6250
5760 6858
5760 8534
5760 9773
5763 9368
5764 5026
5768 2452
5768 2733
5769 3732
5772 8582
5774 9507
5779 1492
5782 5556
5783 1579
5783 2248
5784 3106
5784 9004
5787 508
5788 2353
5790 9896
5791 5212
5793 471
5793 7607
5793 8415
5794 7010
5797 2078
5798 3403
5798 4187
5799 3611
5801 166
5801 988
5802 8250
5808 994
5809 5996
5810 925
5810 6601
5811 8534
5813 6444
5817 5547
5818 3327
5819 6547
5820 9447
5822 2883
5824 6058
5824 7242
5825 4714
5825 4873
5825 7740
5827 8139
5829 9429
5830 1740
5830 6416
5831 47
5831 9267
5832 2677
5832 4250
5832 8325
5834 7285
5835 793
5836 6660
5841 1082
5841 1417
5841 4607
5842 8980
5843 2771
5843 7487
5844 7545
5846 1311
5846 1796
5847 8544
5850 918
5853 2662
5853 2715
5853 5352
5854 5416
5855 9262
5860 3673
5863 2956
5864 2373
5864 2587
5865 4772
5866 3795
5866 5980
5867 8
5869 6026
5869 6719
5870 3815
5871 1983
5872 2993
5872 3884
5875 1961
5876 6353
5876 8901
5876 9076
5878 566
5880 6837
5881 6559
5882 4956
5884 6689
5886 6365
5888 4408
5890 8826
5891 3502
5891 7159
5895 6236
5895 7950
5896 5419
5896 9072
5897 2788
5898 7722
5899 405
5899 1278
5899 6307
5902 480
5902 3066
5902 5191
5903 222
5905 435
5905 2597
5905 3568
5907 4051
5908 5383
5911 9060
5912 3138
5913 644
5914 3482
5914 5605
5915 5260
5916 3936
5916 5114
5916 7301
5917 6759
5918 1207
5918 3869
5918 4901
5918 7646
5919 6652
5920 6132
5921 6316
5923 1281
5924 1601
5924 4977
5925 247
5925 3542
5925 6348
5926 5065
5927 381
5927 2409
5927 7570
5928 2247
5928 2966
5928 3540
5928 5453
5929 56
5929 3206
5930 217
5932 8935
5933 2417
5933 5836
5934 6683
5935 4934
5935 7704
5936 1823
5937 6683
5938 4289
5938 5930
5938 6195
5939 7774
5940 3266
5940 6844
5940 7549
5941 3464
5943 4138
5944 7400
5945 4655
5945 5141
5946 9289
5947 1964
5948 8310
5948 8450
5949 119
5950 6414
5951 2692
5951 5155
5952 4588
5953 1117
5953 3522
5955 1703
5955 5741
5956 126
5956 4261
5956 6610
5957 8461
5958 4905
5959 415
5960 1683
5962 4217
5963 119
5965 1905
5965 4318
5966 5807
5966 6124
5967 5144
5967 8726
5969 9990
5973 634
5973 1353
5975 2062
5976 5716
5977 10
5979 4580
5980 4265
5981 4712
5982 4417
5983 1665
5983 4787
5984 3168
5985 3769
5987 2599
5987 9977
5988 8455
5990 4441
5991 7343
5993 6357
5994 7707
5997 1792
6002 7660
6002 9594
6003 1616
6004 5920
6009 2246
6011 306
6011 6550
6011 6971
6012 8536
6014 2183
6015 1838
6016 649
6016 2847
6016 6039
6016 8627
6019 3748
6019 6612
6020 3711
6020 7271
6022 4742
6024 4470
6024 6266
6025 859
6025 3193
6025 4381
6026 4316
6027 3069
6027 8086
6028 2247
6028 4295
6030 5820
6031 744
6031 6496
6032 311
6032 1758
6032 5477
6032 7775
6033 2763
6033 9538
6034 5643
6036 7682
6037 6061
6037 6915
6037 8521
6038 1782
6038 2035
6040 7551
6042 2749
6042 4580
6043 4161
6044 6144
6044 6636
6044 7342
6045 1130
6046 3584
6046 7905
6047 6014
6047 8363
6050 2847
6050 3095
6050 9362
6052 1888
6052 2661
6052 5708
6052 6173
6052 7062
6054 5303
6055 2690
6055 7840
6055 8726
6056 4324
6056 5502
6056 9976
6059 9355
6062 1525
6062 4779
6062 8091
6064 5715
6064 9574
6067 9225
6070 2598
6070 4748
6071 9282
6071 9802
6072 5325
6073 5636
6075 4347
6076 4512
6076 5767
6078 7963
6080 4945
6087 2072
6088 6917
6089 7985
6090 6155
6090 7173
6091 4313
6093 1411
6093 3300
6096 3560
6098 8956
6100 1486
6100 3417
6100 4298
6101 1470
6102 2444
6102 8184
6104 359
6105 9126
6106 598
6106 933
6106 2218
6106 3108
6106 4768
6107 2168
6107 5534
6108 7694
6109 5929
6110 5226
6110 6676
6110 9193
6111 3508
6112 634
6112 5646
6112 6860
6113 773
6114 3395
6114 8168
6115 6595
6116 2852
6116 4273
6117 269
6118 4246
6120 2164
6122 238
6123 6043
6125 2010
6125 2455
6125 7582
6126 4213
6126 7481
6127 1537
6131 3574
6134 5176
6134 6234
6134 9011
6135 3529
6137 643
6137 5116
6139 629
6139 2324
6139 4112
6142 563
6142 6557
6143 789
6145 276
6145 748
6145 7324
6146 6185
6148 3174
6148 9348
6150 6292
6152 8883
6153 4612
6155 1371
6155 8804
6156 7177
6160 7992
6161 165
6161 8174
6162 3201
6163 1658
6163 3450
6163 5057
6164 3790
6165 3495
6165 4554
6165 5654
6165 5664
6166 1413
6167 7344
6171 250
6171 1976
6171 4059
6172 3091
6173 1668
6173 7200
6174 1022
6174 3082
6176 3632
6177 1269
6177 6738
6180 4536
6181 833
6183 9125
6183 9725
6185 2610
6185 3192
6185 5759
6185 9721
6186 9580
6187 2188
6187 5568
6187 9164
6187 9219
6187 9349
6188 5894
6189 2370
6189 8701
6190 8889
6193 4099
6193 4750
6194 8232
6195 3572
6196 4525
6198 1384
6199 2067
6200 3266
6201 6596
6206 1182
6206 6127
6207 589
6207 4738
6209 2111
6210 3820
6211 2894
6211 6970
6211 9493
6214 5507
6215 4232
6215 5577
6216 8788
6220 1026
6221 766
6221 7150
6221 8474
6222 119
6222 8137
6224 4103
6225 3893
6225 6861
6225 9705
6229 7257
6232 6700
6234 166
6235 4376
6235 5393
6235 5555
6237 1413
6237 4522
6237 7579
6238 2372
6238 5268
6240 3352
6240 9975
6241 9667
6242 4285
6244 362
6245 783
6246 760
6248 4995
6250 657
6251 5560
6251 7071
6252 513
6252 5584
6253 331
6253 3393
6253 4033
6256 5873
6258 3158
6258 6714
6258 7403
6258 8759
6259 2709
6260 8726
6261 826
6261 4808
6262 2246
6262 5311
6262 5480
6262 5946
6267 3292
6268 8595
6269 8608
6270 5090
6270 6822
6271 9768
6272 5953
6273 9058
6274 3857
6276 7889
6277 1401
6277 2157
6277 4329
6277 8469
6277 9708
6278 3646
6278 5037
6278 9734
6279 2616
6279 6247
6283 457
6283 1525
6285 1789
6285 9538
6286 1728
6286 4737
6287 4904
6287 7583
6287 8101
6288 4533
6288 6360
6289 749
6289 3496
6290 890
6290 5654
6291 2659
6291 7620
6293 821
6293 2229
6293 2877
6296 3363
6296 7068
6298 1567
6298 3594
6298 9652
6301 6794
6304 6286
6304 8432
6305 99
6305 4022
6307 1420
6308 5189
6311 7433
6311 9699
6312 1278
6312 2130
6312 5968
6312 8936
6314 105
6314 7653
6320 2285
6320 5767
6320 7665
6321 8743
6322 3340
6323 8580
6323 9275
6324 1775
6324 4654
6324 5625
6325 723
6325 7870
6326 2305
6326 3367
6326 4641
6326 9943
6328 3449
6328 5689
6329 6676
6332 8583
6333 5286
6334 6828
6335 4976
6336 5772
6336 7648
6337 7518
6338 1912
6338 2016
6340 224
6341 370
6347 5578
6347 9629
6350 7518
6350 9406
6350 9804
6351 6738
6351 9720
6352 4029
6353 4946
6354 1166
6355 4427
6355 5030
6358 9233
6360 9198
6362 6661
6363 4768
6365 1795
6366 6657
6367 9255
6367 9691
6368 280
6368 426
6368 8758
6368 9265
6372 5691
6373 8136
6375 8677
6378 1239
6379 424
6380 7972
6380 9589
6381 7938
6382 5667
6383 598
6385 9096
6386 282
6386 1326
6387 1096
6388 5241
6389 3189
6391 1762
6391 7688
6393 111
6393 9836
6394 215
6394 586
6396 6214
6397 5776
6398 2882
6399 4587
6399 6271
6402 5454
6402 6920
6403 2829
6404 4291
6404 4930
6405 4006
6405 8202
6405 9527
6406 734
6406 9570
6407 5500
6408 213
6409 86
6409 2743
6410 9510
6411 9260
6413 5294
6413 6783
6416 380
6416 8200
6416 9318
6418 347
6418 982
6418 6258
6419 9085
6420 860
6420 8927
6422 783
6429 1316
6430 714
6430 7256
6431 6928
6432 3325
6432 8867
6434 636
6434 2989
6434 5562
6436 5002
6438 3546
6438 6088
6438 7663
6438 9989
6440 5622
6441 604
6441 1883
6441 5444
6441 7670
6444 1070
6445 3491
6445 3963
6447 9334
6450 328
6450 5161
6453 3201
6453 6379
6453 7747
6455 3476
6455 8835
6456 1462
6457 9307
6458 5772
6459 3069
6459 6070
6460 20
6460 6606
6462 4915
6463 1198
6463 7814
6464 81
6465 715
6465 2710
6466 5531
6467 8403
6468 8930
6469 2275
6470 8575
6471 80
6471 8769
6472 263
6472 3892
6472 5565
6472 7135
6472 7764
6473 1893
6473 2487
6473 9122
6474 5285
6475 1362
6475 2238
6477 163
6477 8436
6478 9393
6479 6574
6479 9875
6481 4633
6483 2261
6485 814
6485 5970
6487 8915
6488 8833
6491 5530
6494 8649
6495 8247
6498 3979
6499 1624
6500 5702
6500 9648
6501 3487
6503 3898
6503 8096
6504 7910
6506 5048
6506 6565
6507 4975
6508 954
6508 7967
6509 5986
6512 2024
6512 8781
6514 1870
6515 8209
6516 2281
6519 6245
6520 1751
6520 2493
6521 7604
6521 7747
6521 7805
6524 3258
6524 4538
6524 5357
6525 5914
6526 5940
6527 5439
6527 9197
6528 1644
6528 3099
6528 4679
6529 4742
6529 5005
6531 2368
6531 3194
6532 68
6532 6433
6533 5403
6533 8272
6534 4360
6536 218
6536 3155
6538 9085
6539 6814
6539 6874
6540 7617
6542 6909
6543 375
6543 8416
6544 4475
6547 5660
6548 770
6550 2820
6551 7847
6552 2509
6552 7218
6553 817
6553 1497
6553 9663
6554 6148
6555 8818
6557 4367
6557 7078
6560 295
6562 1114
6563 8402
6564 2235
6564 2907
6564 4713
6564 7406
6564 9993
6565 2039
6565 5048
6567 5021
6569 3479
6569 8881
6570 8411
6571 1920
6571 3187
6573 3856
6573 5773
6575 4656
6578 1052
6578 3348
6579 8286
6582 6093
6584 500
6584 3964
6584 9903
6585 1942
6586 2675
6586 2693
6586 3099
6586 7037
6587 1717
6588 1511
6589 7238
6591 8702
6593 4079
6593 8772
6597 4849
6597 9098
6599 7152
6600 7225
6601 224
6603 2045
6606 6382
6608 2111
6608 4135
6609 2262
6610 6161
6611 3217
6612 1905
6614 4946
6617 2010
6617 3185
6618 2019
6619 1920
6619 7942
6619 8104
6620 2964
6620 3694
6620 5732
6621 6587
6623 4965
6626 6352
6627 7220
6628 1056
6628 6724
6628 8768
6629 7358
6631 4525
6631 5633
6633 3381
6633 5324
6636 1122
6637 3094
6640 5187
6640 5766
6640 7497
6640 9901
6642 1324
6642 5373
6642 8525
6643 9517
6644 523
6646 8885
6647 2062
6647 2255
6648 1578
6650 1310
6652 7514
6653 5434
6654 8134
6657 1375
6657 1597
6657 4757
6660 3641
6660 4397
6661 2477
6662 9653
6663 9333
6664 3204
6664 4257
6664 9564
6665 8760
6668 9134
6669 794
6670 5158
6671 4079
6671 6388
6673 7227
6674 4685
6675 4693
6675 9169
6676 3274
6676 8347
6677 1990
6678 9626
6679 5070
6679 9938
6681 837
6681 1306
6681 4195
6681 7269
6683 276
6684 334
6684 3538
6684 5786
6685 8844
6686 4293
6686 7050
6686 9457
6687 3713
6687 3911
6688 8034
6693 6339
6693 7831
6693 8411
6694 9237
6696 7794
6697 6673
6698 4168
6698 5594
6698 7147
6699 5762
6700 1237
6700 9476
6702 85
6702 9335
6703 8851
6704 9832
6705 926
6706 2513
6706 6401
6706 8715
6707 302
6708 5322
6708 5858
6708 6028
6710 2201
6713 5314
6715 4704
6716 6469
6716 9918
6717 2147
6717 5553
6717 6081
6717 8325
6718 2680
6721 2444
6722 9805
6726 2733
6726 2951
6727 6520
6729 9794
6731 5924
6731 7960
6732 6332
6732 9795
6734 3244
6735 3099
6735 7874
6736 2126
6737 2344
6737 5310
6738 372
6738 5052
6739 2654
6739 6632
6739 9353
6741 286
6742 3724
6745 5049
6746 5084
6749 7625
6750 824
6752 2374
6752 5649
6755 8596
6756 81
6756 3621
6757 6206
6759 3623
6759 6414
6759 6663
6760 1374
6761 5876
6762 8160
6763 1165
6763 9089
6763 9604
6764 446
6764 9402
6765 6552
6765 7854
6766 829
6766 896
6766 6558
6766 7268
6768 7274
6769 3561
6770 3122
6770 9015
6771 7115
6773 6604
6775 5180
6777 4550
6778 5948
6779 196
6779 5986
6779 8842
6781 4406
6782 4711
6783 822
6783 8450
6783 9535
6785 5805
6786 949
6787 4293
6789 1762
6789 4447
6789 7756
6789 9452
6790 213
6790 372
6791 7107
6792 6397
6794 3264
6794 5504
6795 6326
6795 7327
6796 2228
6796 5415
6798 8023
6799 1670
6799 9225
6802 4037
6806 3645
6806 5243
6808 6144
6808 6458
6810 3263
6810 3600
6812 4923
6813 2596
6813 8231
6815 4570
6816 195
6816 747
6816 2747
6816 7599
6816 9715
6820 7685
6823 2746
6824 1868
6826 1484
6827 3152
6828 6439
6830 1692
6830 3038
6830 4058
6830 9475
6831 294
6831 4836
6833 2808
6835 9472
6836 258
6837 179
6838 3873
6839 7109
6840 1784
6840 4520
6842 7579
6844 5491
6844 9179
6845 507
6845 650
6845 8872
6846 3757
6846 7697
6847 6383
6848 7463
6848 9856
6849 1499
6849 3857
6849 4613
6849 7252
6850 8252
6850 9001
6853 7039
6854 6985
6857 4756
6859 4527
6859 5457
6859 7795
6859 8385
6860 4015
6860 6904
6860 8378
6861 5752
6864 3532
6867 7397
6869 2617
6869 4049
6870 7821
6872 907
6873 1068
6873 9877
6874 5435
6875 8459
6876 1169
6876 6015
6876 6187
6877 3135
6880 1027
6881 136
6884 9775
6886 2228
6887 1509
6887 9097
6888 1706
6888 1765
6888 1982
6889 9754
6891 244
6893 6664
6893 9440
6894 7099
6896 4423
6897 4267
6899 4487
6900 5553
6901 9194
6906 549
6910 1500
6911 3705
6912 4258
6914 6731
6917 3256
6918 9278
6920 5403
6921 6860
6921 7484
6921 8365
6923 6112
6925 7668
6927 7971
6928 500
6929 6474
6932 5093
6933 4012
6938 8446
6941 2826
6941 9304
6942 3078
6942 7851
6944 3580
6945 8036
6946 785
6946 804
6946 8960
6948 741
6949 6610
6950 1240
6950 9163
6951 3032
6952 7052
6952 7549
6952 9773
6953 2286
6953 5591
6956 4902
6957 3171
6957 8260
6961 3520
6961 9449
6963 3179
6966 2689
6966 6567
6967 4191
6969 6954
6971 8846
6974 1382
6976 773
6977 12
6977 2612
6978 593
6978 9091
6978 9675
6981 541
6981 2129
6982 7453
6983 5048
6983 9606
6985 6709
6987 5447
6987 8721
6990 2690
6990 5408
6990 8132
6991 1391
6993 2161
6994 9798
6996 4195
6996 8873
6997 7156
6999 8942
7000 1564
7000 7469
7001 6700
7002 9467
7005 8147
7010 9338
7011 7195
7012 6336
7012 8014
7013 6620
7014 3510
7014 4368
7014 4892
7014 5858
7014 7697
7017 2833
7018 325
7019 9484
7020 8530
7021 3079
7022 2517
7022 7675
7023 658
7023 1122
7023 4665
7023 5630
7025 8799
7025 9670
7026 1721
7026 9041
7026 9427
7028 5819
7029 4715
7030 7844
7030 9938
7031 2154
7031 2338
7032 1382
7034 1843
7035 2999
7036 5442
7037 336
7037 6886
7039 8110
7040 1437
7040 1457
7041 8333
7042 8653
7045 797
7045 2186
7045 3666
7046 384
7046 6853
7047 5055
7048 2761
7049 392
7049 6878
7051 2928
7052 3486
7054 7465
7057 2626
7058 9434
7059 31
7059 78
7060 8741
7061 1738
7062 7540
7062 8846
7063 9116
7063 9443
7064 3707
7064 6260
7065 122
7066 4122
7066 7750
7067 521
7068 5127
7069 8269
7070 9505
7072 7789
7073 1830
7073 4727
7075 7729
7077 4824
7078 8540
7079 6064
7082 2387
7082 9650
7084 3606
7084 6515
7086 7538
7088 9013
7091 3649
7091 8733
7097 3649
7097 4440
7098 6027
7098 6354
7099 195
7101 1321
7102 3075
7103 1063
7103 5775
7104 3682
7106 1847
7106 6144
7107 8244
7107 8733
7108 1322
7108 1357
7108 6813
7110 5893
7111 6638
7111 8854
7112 8058
7115 5238
7115 6384
7117 5380
7119 5906
7119 6049
7121 4432
7122 735
7124 9438
7126 3174
7127 9268
7133 4352
7133 5905
7134 1172
7134 1957
7135 2311
7135 5140
7135 9052
7136 5452
7137 946
7137 2377
7137 4426
7137 6065
7140 1357
7140 5475
7141 9153
7142 1134
7142 4250
7142 4577
7144 7972
7145 9052
7146 7736
7146 9862
7149 1112
7151 6155
7152 2934
7152 6244
7153 9718
7156 861
7159 6528
7162 6709
7163 2475
7163 8965
7165 592
7165 3627
7165 6102
7165 6409
7167 603
7167 1870
7171 2104
7171 8319
7172 2044
7173 225
7173 8688
7174 8423
7175 5097
7176 416
7176 4304
7177 3287
7178 4816
7180 5571
7180 8443
7181 1733
7181 1783
7183 6356
7184 2834
7189 8253
7190 7578
7191 5534
7193 2320
7198 335
7198 6731
7199 8604
7200 8693
7201 2595
7201 3005
7201 9734
7202 4369
7203 3377
7203 3630
7203 4340
7204 1472
7204 3158
7204 4499
7204 5777
7205 970
7206 4471
7208 7034
7210 1772
7210 6839
7210 7071
7210 9081
7211 9175
7212 3062
7213 7004
7213 8980
7214 3656
7214 4410
7217 162
7217 770
7217 896
7218 6468
7220 2349
7221 6297
7221 9427
7222 2370
7223 8228
7224 578
7224 1628
7224 4550
7225 3543
7226 17
7226 2347
7226 3763
7226 8673
7227 641
7229 499
7229 1087
7231 5332
7232 955
7234 3988
7235 9619
7237 4332
7237 8299
7237 8842
7238 6193
7239 1363
7239 6284
7240 1053
7240 1397
7240 4830
7240 6741
7240 9029
7241 4233
7242 2626
7243 696
7244 9458
7246 9574
7247 2568
7247 3086
7248 711
7248 8484
7248 8824
7250 625
7250 752
7250 1970
7250 4452
7251 4621
7251 5396
7252 3377
7253 4257
7254 985
7254 3624
7255 4069
7255 4749
7256 701
7256 2929
7256 4281
7257 9715
7260 9039
7261 5523
7261 5686
7263 1962
7263 3117
7265 1160
7266 4163
7266 4544
7267 3194
7267 9701
7268 3802
7269 8404
7270 9313
7271 1918
7272 5401
7272 7167
7272 7642
7274 670
7274 8252
7279 2765
7279 8577
7281 9784
7282 71
7282 7373
7283 1499
7283 3495
7283 4389
7284 612
7284 2597
7285 6451
7288 770
7288 5590
7288 6749
7288 9640
7289 3410
7291 6366
7292 761
7292 4643
7296 2209
7296 4883
7298 1187
7299 414
7299 4113
7302 1116
7302 9746
7303 1342
7310 1593
7310 1740
7310 7304
7312 4443
7313 406
7313 1713
7313 7858
7315 5437
7317 3212
7319 1586
7320 1228
7320 6873
7324 2759
7325 2483
7329 6783
7331 1975
7331 3778
7331 6199
7333 821
7336 7033
7337 7229
7337 8346
7340 4781
7340 5833
7341 9780
7342 8377
7343 7206
7344 772
7344 887
7344 6002
7344 7778
7346 3459
7346 9926
7347 5080
7348 1263
7348 2527
7349 4083
7350 7013
7350 7905
7351 9236
7352 2627
7352 4054
7353 2926
7353 8975
7354 6102
7354 9394
7355 3605
7355 6928
7356 6013
7358 1798
7358 6192
7359 291
7359 6480
7360 7212
7361 2338
7361 6637
7362 1173
7362 2379
7362 6442
7363 7512
7366 1832
7367 1778
7367 8954
7369 8683
7370 2197
7371 3994
7372 1875
7372 5450
7374 9969
7376 1679
7376 3827
7376 4744
7377 623
7378 2045
7379 1904
7379 2045
7380 987
7381 7844
7382 830
7383 7470
7385 1822
7385 3919
7386 1225
7386 9751
7387 1874
7387 5635
7390 2810
7393 2419
7393 3732
7394 520
7394 4531
7394 9207
7395 6665
7397 4136
7398 2249
7400 3570
7400 8268
7401 4340
7402 7762
7402 9308
7404 1065
7411 9895
7414 3667
7415 5585
7416 409
7417 2799
7420 7403
7421 339
7421 9615
7423 5049
7423 7214
7426 4041
7428 5774
7428 5945
7428 8563
7429 1159
7429 1663
7429 2508
7429 5724
7429 6882
7430 6709
7431 5478
7431 6507
7431 8669
7432 1564
7432 2517
7432 6956
7433 3199
7434 9824
7437 4836
7439 9809
7440 6210
7441 3854
7441 4115
7441 5624
7443 5594
7445 6550
7447 4144
7447 9781
7448 6625
7448 9661
7449 9809
7451 5350
7455 8165
7457 2318
7458 1210
7460 9399
7461 1955
7462 3824
7462 9962
7463 6753
7466 7646
7469 4329
7470 5275
7471 8676
7472 7205
7473 7233
7474 8069
7475 2290
7475 5890
7475 6580
7475 8320
7476 9846
7477 8665
7479 6373
7481 3462
7481 4386
7482 1271
7482 4320
7484 566
7485 6867
7487 5661
7490 2884
7490 3904
7490 6023
7490 6852
7491 4019
7492 3473
7492 7812
7493 2089
7493 4616
7493 5605
7495 2527
7495 2665
7495 4370
7495 9944
7498 3897
7499 7578
7500 1928
7502 4579
7504 15
7504 8065
7505 1651
7506 1018
7506 3795
7507 3978
7508 9614
7509 8662
7510 8459
7511 892
7511 2759
7513 8807
7520 4416
7521 5196
7521 9245
7521 9751
7525 2366
7527 6587
7528 2276
7528 3564
7528 7115
7529 44
7530 4323
7532 1292
7533 2055
7533 4215
7533 4737
7533 4825
7533 9130
7534 1718
7534 7399
7534 9997
7536 1362
7536 6908
7536 8012
7537 7707
7538 1831
7538 4467
7538 7746
7541 5851
7541 9800
7543 3888
7543 8198
7544 6758
7544 9544
7545 5911
7545 6737
7546 7839
7548 194
7549 9338
7550 2930
7551 8471
7552 2214
7552 3501
7553 762
7553 1782
7553 6224
7553 9586
7554 816
7554 3199
7555 2084
7556 2219
7556 2597
7556 2905
7558 71
7559 8599
7560 8166
7561 2578
7562 214
7562 431
7565 1488
7565 2502
7566 7072
7566 9943
7569 1697
7570 9512
7571 9509
7573 7413
7575 2941
7576 1626
7577 7056
7580 2563
7580 4529
7580 5034
7580 7110
7582 2688
7582 7057
7583 7519
7583 8003
7584 4471
7586 7274
7588 2794
7589 432
7589 2452
7589 6760
7590 6743
7591 5046
7594 6695
7595 1731
7595 8698
7596 9723
7599 9498
7600 2706
7600 6889
7602 5368
7604 7788
7606 3592
7606 4602
7608 3367
7612 8914
7613 4006
7613 8206
7614 378
7614 4290
7614 8264
7615 3321
7616 2545
7616 5290
7616 8394
7617 792
7618 3726
7619 8801
7620 8607
7621 6223
7621 7782
7624 1624
7625 3052
7625 6579
7626 2618
7627 2323
7629 8671
7630 1095
7630 8453
7631 604
7631 686
7631 1656
7632 2081
7633 1609
7634 1434
7634 7971
7634 8298
7635 4270
7636 1980
7636 4243
7639 4451
7639 6531
7640 3579
7640 8984
7642 3856
7642 7395
7643 625
7645 5745
7646 1585
7649 7742
7650 7731
7651 1474
7652 5263
7654 2767
7654 5365
7655 748
7655 2102
7656 4362
7657 2864
7659 89
7659 4414
7660 2154
7660 3986
7662 2738
7663 6279
7665 624
7667 6806
7668 3647
7673 1532
7673 6807
7673 9286
7674 8347
7675 3915
7676 3277
7676 9187
7678 1506
7679 6265
7679 7919
7679 8105
7679 9589
7680 4253
7680 9338
7684 4985
7685 405
7685 6390
7685 6512
7685 6531
7687 2482
7687 9671
7688 249
7689 5618
7690 8520
7692 2558
7692 3223
7693 5740
7694 940
7695 6112
7695 8452
7695 8867
7698 5500
7699 7471
7700 3581
7700 6596
7701 5874
7703 413
7704 3454
7705 6053
7707 1854
7708 3446
7710 4922
7711 8517
7712 2263
7712 9057
7714 6902
7715 8746
7717 56
7717 725
7718 5948
7719 4228
7719 6651
7723 3738
7726 3523
7727 7348
7729 7560
7730 6185
7733 3782
7733 7104
7734 8246
7736 1367
7738 3891
7739 3236
7739 9559
7740 1895
7740 5268
7742 4148
7743 6116
7743 7697
7745 1284
7747 6132
7748 7471
7749 6860
7752 1790
7752 4113
7752 8578
7753 5082
7753 5222
7753 8359
7754 5411
7755 9080
7755 9452
7756 5413
7757 141
7759 4431
7759 7638
7759 8214
7761 4745
7762 3423
7762 9087
7764 3613
7765 312
7766 7030
7766 9761
7767 7451
7768 6982
7768 7194
7769 9576
7772 7939
7773 5092
7773 9737
7774 1767
7775 693
7775 4915
7776 5634
7776 6199
7777 7052
7779 6434
7779 8394
7779 8900
7780 820
7781 850
7782 7420
7782 8052
7782 8495
7782 9682
7787 274
7788 6838
7789 296
7789 2397
7792 555
7792 9998
7794 225
7794 2769
7794 2843
7794 3890
7795 7484
7795 8631
7796 2922
7796 6549
7797 1913
7799 2233
7799 8648
7800 4756
7801 938
7801 3502
7801 9388
7803 1156
7803 8277
7807 2649
7807 8274
7808 7957
7808 8547
7810 1005
7810 6635
7811 2837
7811 5361
7811 6214
7811 6835
7812 3951
7812 8689
7814 5132
7815 5769
7815 7204
7816 5172
7817 2384
7817 9271
7818 2965
7822 9208
7823 5639
7824 2443
7825 5586
7825 6357
7825 6838
7826 6380
7826 7687
7827 9674
7828 3219
7828 8149
7829 9071
7830 7232
7831 9908
7832 9062
7833 2534
7835 3491
7837 5369
7838 5176
7841 7898
7842 1421
7842 7976
7843 1378
7843 3830
7844 3921
7845 1241
7845 9170
7846 3589
7848 5024
7848 7440
7849 8980
7850 8870
7853 5707
7855 1331
7855 6494
7861 2078
7862 5444
7863 4224
7863 5549
7863 6553
7863 9117
7864 1072
7865 7542
7865 8865
7865 9914
7866 8468
7869 1992
7870 240
7873 8911
7874 6759
7874 9214
7877 1498
7877 8563
7878 7494
7881 6572
7883 5694
7884 4451
7886 4118
7888 9500
7890 3824
7894 4633
7895 7538
7896 6966
7899 4540
7901 752
7902 3267
7904 1265
7904 7719
7904 8990
7905 1593
7905 5213
7905 6272
7905 6976
7906 3558
7906 5489
7906 6074
7907 1604
7908 1808
7908 4203
7908 9631
7909 248
7909 3816
7910 2435
7910 5895
7910 9352
7914 3597
7914 6013
7915 296
7915 9352
7916 6075
7917 9672
7918 528
7918 1433
7919 762
7919 6117
7920 5954
7921 907
7921 2116
7921 7523
7923 1018
7923 1668
7924 3657
7924 4157
7924 7110
7924 7288
7925 7660
7926 974
7926 2127
7926 7467
7927 2674
7927 4559
7928 2138
7929 89
7929 8393
7929 9370
7930 3828
7930 9620
7931 1085
7936 6185
7936 7576
7940 1182
7941 7574
7944 2709
7944 5134
7945 1955
7945 5275
7945 8408
7946 1778
7946 5093
7946 8623
7947 4592
7947 7007
7948 4132
7948 4256
7948 6060
7948 6653
7948 7740
7953 1279
7955 3199
7957 3300
7960 587
7960 6992
7963 7361
7965 682
7965 1909
7965 8508
7967 193
7967 3241
7968 3909
7970 2247
7970 2423
7970 8437
7974 5285
7976 5863
7977 6514
7978 3497
7978 4579
7982 7746
7983 1265
7986 7983
7986 8944
7989 2558
7989 6052
7990 4851
7992 3345
7993 2621
7994 8606
7996 1531
7997 2502
7998 3110
7998 8527
7999 2486
8000 8734
8001 5302
8002 2318
8004 1829
8006 334
8006 9057
8006 9203
8007 2636
8008 2421
8008 2807
8010 2497
8010 7049
8013 6935
8014 9052
8018 3040
8019 441
8019 2281
8019 2515
8019 4710
8019 6366
8020 6408
8021 3427
8021 9852
8022 9278
8024 9836
8026 371
8026 6309
8026 8437
8028 3318
8030 939
8031 1703
8032 8043
8034 696
8034 7747
8036 7978
8037 8576
8038 6219
8039 8906
8040 9436
8041 5568
8044 3362
8044 3565
8044 5090
8044 5215
8045 2674
8049 6557
8050 8584
8051 839
8053 1749
8055 4192
8055 6012
8057 6238
8058 243
8058 2777
8058 8509
8059 8738
8060 359
8061 6021
8065 627
8068 3749
8071 7596
8071 9805
8073 8717
8075 2972
8079 3056
8082 8888
8083 9424
8087 4585
8087 8792
8088 3238
8088 3996
8089 3698
8089 4295
8091 8121
8092 3090
8094 9927
8095 5295
8098 5892
8098 6820
8099 6381
8099 8327
8101 1069
8101 7059
8102 7329
8102 7938
8103 9549
8105 1762
8106 124
8106 878
8106 1578
8107 5085
8107 5989
8109 7073
8109 8300
8110 3016
8111 231
8111 236
8111 5222
8111 7232
8111 8293
8112 5453
8113 5820
8115 3236
8115 4952
8115 9863
8116 1869
8119 358
8119 6509
8121 3910
8124 3763
8124 9712
8125 2461
8126 4108
8126 4999
8128 8085
8129 708
8129 1289
8129 9056
8132 4731
8133 240
8133 4146
8133 7874
8134 8582
8135 2822
8135 3876
8136 3870
8136 6036
8136 7154
8136 7159
8136 9867
8138 9459
8139 7845
8139 9451
8140 1866
8140 3207
8140 7217
8142 4128
8142 7741
8143 5743
8145 6429
8145 6621
8145 8618
8146 1988
8146 4682
8146 8328
8147 7166
8149 6239
8150 8360
8154 812
8154 3195
8155 8253
8155 8616
8156 6039
8157 3296
8158 244
8158 956
8158 4378
8159 4900
8160 821
8160 3113
8160 3118
8160 4439
8161 238
8162 1969
8162 5993
8162 6610
8163 8530
8164 8356
8165 5230
8167 6141
8167 8481
8167 9620
8168 6314
8168 9313
8169 6489
8171 1481
8172 1850
8175 703
8175 8095
8176 1055
8176 4093
8179 6253
8180 8273
8181 2304
8184 7381
8185 788
8188 9842
8189 3075
8189 9828
8191 5419
8193 61
8194 5150
8194 9809
8195 7390
8195 8399
8196 2965
8197 1320
8198 5351
8198 5759
8199 3426
8200 5285
8200 5840
8202 7602
8202 9515
8203 875
8203 3325
8204 3885
8204 6878
8205 1581
8205 6112
8206 8770
8207 2548
8207 3944
8208 4107
8211 5363
8211 6287
8213 5489
8215 4758
8215 5141
8215 6103
8215 7084
8216 2667
8217 5880
8217 8871
8218 4832
8219 7516
8220 940
8221 246
8224 2393
8226 6586
8226 6804
8227 728
8227 2582
8227 3404
8229 670
8230 4905
8231 7902
8234 2390
8234 3804
8234 9030
8235 9478
8236 4722
8236 5125
8237 8753
8238 8426
8238 8801
8239 1984
8239 5507
8239 7677
8240 9907
8241 834
8241 4833
8243 3997
8243 6944
8244 4199
8244 8028
8245 8895
8246 3400
8246 9069
8248 2471
8248 2956
8248 4460
8249 3655
8249 7213
8252 8906
8253 9903
8254 9724
8258 4033
8259 8967
8261 8418
8264 4690
8264 7942
8265 3000
8265 4229
8266 7667
8269 4246
8269 4505
8269 5102
8269 8114
8270 4698
8271 2718
8272 8169
8275 3963
8276 6339
8277 3361
8279 5198
8279 9221
8282 9362
8283 2653
8284 3528
8284 5245
8285 8095
8286 8826
8288 3040
8290 7302
8291 2564
8291 2752
8291 9237
8293 8916
8296 6083
8298 1337
8298 7198
8300 3639
8300 5147
8302 7981
8304 7924
8304 8761
8305 3093
8306 3457
8307 5421
8307 9991
8308 1503
8308 1727
8308 7713
8308 9710
8309 7076
8310 3291
8310 4365
8311 2315
8311 7566
8312 3607
8314 4460
8314 4474
8314 5130
8315 1196
8320 3785
8320 3925
8320 7220
8320 9227
8321 5313
8323 5045
8324 5308
8327 1915
8328 2447
8329 5169
8330 1338
8330 2482
8331 8833
8332 6177
8332 9468
8335 5924
8337 9775
8341 2632
8342 9645
8343 6902
8343 8963
8343 9852
8346 3457
8346 7130
8347 6601
8347 8340
8349 1880
8349 6088
8349 9992
8350 503
8350 4520
8351 701
8352 2279
8352 7299
8353 520
8354 1739
8354 7862
8356 126
8356 1710
8358 118
8358 545
8359 2404
8359 4446
8359 7878
8363 6593
8364 1302
8364 2003
8364 3411
8364 4710
8364 7922
8365 5563
8366 261
8366 1606
8366 9688
8367 8188
8368 3470
8368 7720
8369 5230
8370 1533
8371 2803
8371 8369
8374 7132
8380 4608
8381 3061
8383 6377
8383 6599
8384 6011
8385 5637
8385 7300
8387 4649
8387 7348
8390 1816
8390 7898
8390 8791
8391 7657
8393 3978
8393 8523
8396 31
8397 2079
8399 3011
8399 5094
8399 9842
8402 5858
8403 1233
8406 7122
8407 3406
8411 409
8411 2855
8412 7561
8412 9012
8413 3262
8413 4951
8413 9237
8414 6285
8416 3777
8418 2561
8419 9630
8422 6764
8423 3101
8423 3388
8423 6029
8423 9081
8424 7173
8425 489
8426 656
8426 1383
8427 723
8428 1499
8428 5536
8429 1536
8430 1379
8431 2792
8431 5571
8431 7095
8431 7680
8431 8512
8431 9727
8432 1226
8433 3654
8433 5553
8433 7294
8434 2565
8434 9990
8438 5009
8439 3402
8441 1496
8441 6243
8442 6874
8443 433
8443 6051
8445 9209
8447 3864
8448 2320
8449 4955
8450 4112
8451 4016
8451 7619
8452 9428
8452 9641
8453 9147
8454 7393
8455 6491
8456 7120
8456 8823
8458 16
8458 3566
8458 5178
8458 6840
8460 4026
8461 1383
8463 1908
8463 5611
8463 7505
8464 1254
8465 3641
8466 4752
8466 6276
8467 9397
8468 1886
8469 7251
8470 819
8470 4853
8471 4789
8475 2426
8475 7605
8476 5790
8476 6150
8476 8516
8477 4239
8477 7679
8480 4748
8481 6322
8481 9477
8482 1644
8482 7209
8482 9008
8484 2847
8486 8633
8487 3366
8489 5575
8489 8438
8490 3247
8490 5751
8492 3908
8492 4004
8493 2634
8493 4625
8493 4705
8495 3585
8495 5496
8495 9406
8497 7440
8498 9882
8499 8231
8500 5158
8502 1423
8502 5764
8504 278
8504 7673
8505 6631
8506 6197
8508 1293
8509 7584
8510 3482
8510 5825
8511 9870
8514 5207
8517 7919
8517 9550
8518 3013
8518 6019
8519 3126
8519 6640
8520 5898
8524 4195
8524 4951
8526 1427
8527 5420
8527 8707
8528 2175
8530 4908
8531 2093
8531 6449
8532 7159
8535 1528
8535 8047
8541 858
8541 3261
8542 2352
8542 4073
8543 6296
8544 1862
8546 71
8546 1026
8546 7157
8547 3252
8547 5647
8548 4899
8548 6722
8550 651
8550 4004
8553 5031
8554 1973
8554 2881
8554 4330
8555 4401
8555 8166
8556 6071
8556 6854
8556 9867
8558 8900
8559 2842
8559 9690
8560 8014
8561 6130
8561 6250
8561 9486
8562 4543
8563 9745
8565 3723
8566 3552
8566 4069
8567 6003
8569 2890
8569 5645
8570 6060
8570 8149
8570 9352
8571 9163
8573 564
8574 2036
8575 9269
8576 4101
8578 4931
8578 7725
8578 8800
8580 7238
8582 3055
8582 3712
8585 7765
8587 2724
8588 960
8589 7379
8590 184
8591 329
8591 3109
8591 9340
8593 251
8594 704
8595 2295
8596 3356
8597 8719
8600 4632
8600 5696
8600 8193
8600 9770
8602 4424
8605 2773
8606 482
8609 2203
8609 8008
8610 156
8610 7543
8611 3340
8612 7546
8612 7678
8613 8063
8614 1753
8614 6219
8615 5942
8615 8494
8617 9221
8618 2466
8618 4050
8627 6677
8630 65
8630 5422
8631 5514
8631 7714
8634 2567
8634 9216
8636 7806
8637 1189
8637 6184
8638 409
8638 5214
8640 5414
8641 2743
8642 1701
8642 2289
8642 2307
8642 7947
8643 1982
8644 2956
8645 1472
8645 2010
8646 3248
8648 8104
8649 343
8651 5247
8651 5721
8653 5544
8653 9156
8654 5863
8656 179
8657 6294
8658 7976
8659 3020
8659 5859
8660 3016
8661 1907
8661 3714
8661 5005
8661 8129
8663 570
8663 9719
8665 8417
8667 9419
8668 3266
8669 5328
8670 1930
8673 7523
8675 8365
8677 3112
8677 8773
8677 9889
8679 2855
8680 4548
8680 8867
8683 914
8684 3511
8685 4548
8686 2786
8686 3437
8688 758
8689 1751
8692 9423
8694 1927
8694 9191
8696 3718
8699 4847
8701 5027
8701 9973
8702 5652
8702 7594
8704 1802
8705 9359
8706 6767
8708 6800
8708 9374
8709 8863
8710 7395
8711 2187
8713 7113
8713 8390
8715 1463
8717 8867
8718 2110
8720 642
8721 9879
8722 4552
8723 6815
8723 7869
8724 7185
8727 1184
8729 87
8729 8358
8730 4542
8731 6772
8732 5288
8735 7837
8737 2131
8738 4211
8738 6222
8738 7020
8740 1080
8740 9891
8741 912
8741 5060
8743 6197
8743 7887
8745 1902
8745 2558
8747 3292
8747 4131
8747 4760
8748 7799
8748 9436
8749 4011
8749 5417
8749 9823
8751 3143
8751 7255
8754 4016
8755 3597
8756 2726
8756 6140
8758 1442
8758 6341
8758 9660
8760 4647
8760 5151
8761 104
8763 9656
8765 6731
8766 7259
8766 9388
8767 866
8767 3130
8767 4266
8768 219
8768 3940
8769 8063
8769 8712
8771 5462
8771 7323
8772 1211
8772 6705
8774 165
8774 2710
8775 5082
8776 946
8777 7442
8778 5538
8778 9058
8779 2488
8779 4554
8780 5610
8781 2347
8782 1019
8782 2823
8782 2856
8782 7605
8782 8960
8783 119
8784 2973
8784 4564
8789 8060
8790 5751
8794 2182
8795 803
8797 4173
8797 5814
8798 434
8799 1092
8799 4443
8801 836
8801 4686
8802 2300
8803 7807
8804 6264
8806 897
8806 3011
8806 4366
8806 7112
8809 983
8810 4776
8812 1621
8814 4749
8815 1793
8815 8643
8819 2924
8820 9581
8821 9509
8822 1894
8822 6452
8822 8793
8825 2739
8825 4795
8825 7406
8828 5163
8829 4806
8830 5151
8830 5374
8831 6285
8832 236
8832 6429
8832 9872
8833 3968
8834 6268
8835 5219
8835 5902
8835 8227
8836 9276
8842 3387
8842 9461
8845 2738
8846 3653
8846 7339
8847 1648
8851 1049
8852 1664
8852 9246
8854 2953
8854 9841
8855 98
8855 9420
8855 9584
8856 9650
8856 9930
8857 2019
8857 5919
8857 9601
8858 439
8858 3364
8858 6499
8861 1279
8861 3347
8862 9352
8863 1187
8863 7299
8864 2853
8865 1614
8865 3301
8865 4415
8865 5295
8866 1577
8870 4018
8870 5907
8873 9051
8874 8764
8875 7908
8876 3634
8877 4905
8879 4704
8879 7966
8880 9757
8881 3775
8881 8775
8883 7868
8884 3854
8884 7247
8885 3939
8885 8354
8888 7113
8888 7310
8888 9147
8889 5191
8889 6751
8890 7347
8891 7442
8892 1730
8892 7206
8893 5240
8895 1607
8899 9346
8902 7095
8902 8197
8903 2095
8903 5159
8905 825
8905 904
8906 2253
8906 3001
8906 4064
8908 1313
8908 2259
8909 3693
8909 9347
8910 48
8912 4180
8916 2487
8918 3462
8918 5932
8918 6882
8919 2117
8919 3720
8920 3797
8923 2605
8923 5020
8923 5023
8923 9447
8925 954
8925 9108
8926 7647
8928 2786
8928 3963
8928 4816
8929 332
8933 3291
8933 4314
8933 4537
8934 2758
8936 9566
8937 1873
8937 5080
8937 8406
8941 2622
8942 2381
8942 7400
8945 912
8945 7526
8946 504
8946 3693
8946 7197
8947 6463
8948 9188
8952 4966
8955 58
8957 54
8958 5178
8960 3604
8962 694
8962 1344
8962 4037
8965 5386
8966 5984
8966 6104
8966 9096
8967 3893
8968 5623
8968 9917
8969 799
8970 7280
8971 8426
8972 3182
8972 4860
8973 9915
8975 2244
8976 3361
8979 9568
8980 8596
8981 3407
8982 5287
8985 2994
8985 4284
8985 4368
8986 330
8987 1701
8987 3549
8988 2423
8988 9564
8989 1857
8990 4613
8992 9902
8993 1318
8993 3264
8993 5654
8995 7754
8996 360
8996 6008
8999 8333
9000 1911
9001 8249
9002 5200
9004 8395
9005 994
9005 1568
9005 1883
9006 1070
9009 483
9010 5660
9010 8031
9011 6448
9012 5009
9014 947
9014 1491
9015 7087
9015 9792
9019 2185
9019 2916
9023 5345
9023 7528
9023 7578
9024 4998
9024 8110
9024 8948
9025 1796
9025 9571
9026 94
9026 2001
9026 2682
9029 9397
9030 239
9030 4085
9030 7057
9034 4130
9034 9559
9036 1640
9036 3587
9036 6882
9038 8824
9040 4845
9041 1774
9042 5622
9043 5499
9044 937
9044 5793
9047 6325
9048 5132
9048 6357
9050 3593
9052 4780
9053 8252
9056 9796
9058 479
9060 1323
9060 4064
9060 6398
9060 6680
9061 5961
9062 5434
9063 1222
9063 6675
9063 6789
9064 5522
9068 3106
9068 3519
9069 8620
9069 9500
9070 1723
9071 9462
9073 4231
9074 4649
9075 3971
9075 6500
9076 4869
9078 9784
9079 9920
9081 602
9081 2810
9082 1032
9083 6355
9086 893
9087 3800
9088 5038
9088 5107
9088 7897
9090 1169
9090 4430
9091 6803
9091 7180
9091 7675
9093 6800
9093 9016
9094 5595
9095 963
9095 8551
9096 906
9097 5148
9097 5635
9097 9444
9098 1978
9099 2509
9099 2744
9099 7705
9100 4351
9104 6940
9105 2600
9106 880
9107 2410
9109 495
9109 2699
9110 6375
9111 2683
9111 7471
9114 2213
9115 7132
9116 9035
9119 1881
9119 2191
9119 6102
9119 8561
9119 9819
9121 5364
9122 8913
9123 5588
9125 2982
9125 5235
9125 6742
9125 9201
9126 7184
9130 1812
9131 5698
9132 3394
9133 5469
9134 5126
9135 1107
9135 6452
9136 1999
9138 3608
9139 5807
9139 6801
9141 4625
9141 5540
9143 8799
9144 7945
9145 1024
9145 7552
9147 4174
9147 5767
9149 543
9149 4132
9149 5399
9150 7931
9151 3487
9152 1676
9152 2836
9153 3736
9153 3924
9155 5774
9156 490
9158 2242
9159 7481
9159 8710
9161 7757
9161 8063
9162 2798
9163 3243
9164 1450
9164 3190
9165 7798
9167 2194
9168 3009
9169 5044
9170 3087
9170 9275
9172 4932
9172 6021
9173 3288
9175 206
9175 2582
9175 6582
9176 3014
9176 7278
9177 9250
9181 7070
9182 1883
9182 5186
9183 2274
9184 1637
9184 4155
9184 4447
9185 1707
9185 3711
9185 5554
9186 6018
9186 6939
9186 7888
9187 908
9187 1935
9187 4649
9188 1558
9188 8090
9191 348
9193 7436
9194 977
9194 6486
9194 8508
9195 4677
9196 6833
9197 2266
9197 5176
9197 9827
9200 802
9201 1019
9201 1389
9203 2121
9204 2163
9204 3583
9205 3611
9205 6854
9206 27
9207 4243
9208 368
9208 4623
9210 3998
9210 5304
9210 6053
9210 8850
9211 5726
9213 6315
9213 9116
9214 4867
9214 9273
9215 888
9215 2164
9216 3125
9216 4672
9216 5426
9217 1612
9217 7986
9217 9432
9218 604
9218 9438
9219 1980
9220 7978
9221 9384
9222 4286
9223 3949
9223 4177
9224 1073
9226 13
9226 8413
9227 9621
9229 1257
9229 9324
9230 2136
9231 8795
9232 3968
9232 5474
9234 9589
9236 8133
9237 2164
9241 2675
9241 2832
9241 9453
9243 650
9245 5813
9246 1607
9246 9138
9248 4203
9250 2490
9252 2866
9254 4277
9255 1966
9255 8869
9256 2218
9257 2611
9258 8422
9261 7258
9262 164
9264 2123
9264 3498
9264 6078
9264 7102
9265 8399
9266 3290
9266 9520
9267 2192
9267 6151
9268 2142
9269 125
9269 1115
9270 4116
9271 1993
9272 3890
9273 4662
9275 520
9275 2740
9276 3961
9276 7853
9276 8859
9277 2556
9277 4404
9278 3866
9279 4615
9279 8790
9281 2686
9282 5013
9283 7072
9284 4217
9284 8859
9285 335
9287 913
9287 8473
9287 9107
9289 4618
9290 5952
9291 4465
9292 7480
9294 9989
9295 5470
9296 4114
9297 1298
9297 2183
9297 6496
9299 1945
9299 3407
9300 487
9301 7446
9302 6526
9302 8303
9304 1685
9304 5086
9305 2488
9305 5252
9306 7325
9309 2547
9309 4169
9310 2826
9311 3772
9312 8612
9314 3401
9314 6932
9314 9509
9314 9751
9315 9071
9316 35
9318 1710
9318 5467
9319 695
9320 1267
9322 2754
9323 1915
9324 1556
9325 6019
9325 6038
9326 2432
9327 1205
9327 3424
9327 8735
9327 9354
9328 5601
9328 6234
9329 7264
9329 7663
9330 2130
9331 8769
9334 4539
9334 6728
9335 8143
9335 9723
9337 7910
9338 1064
9339 8235
9340 6141
9340 9888
9341 5768
9341 8756
9343 8267
9343 9226
9344 8617
9345 4546
9345 6933
9346 2924
9346 4914
9347 6785
9348 5330
9349 9994
9350 8543
9351 5220
9351 8058
9353 2720
9354 5764
9355 4534
9356 3666
9357 2159
9359 3671
9360 1636
9361 4036
9362 7128
9365 6209
9366 8035
9368 7478
9369 4793
9369 8330
9369 9831
9370 2896
9370 5134
9371 2290
9373 1836
9373 8049
9374 2339
9374 4657
9376 7587
9377 3437
9377 7989
9380 7483
9381 3734
9381 8963
9382 5898
9383 1924
9385 9052
9385 9789
9387 3315
9388 7118
9388 9842
9389 3435
9390 6913
9390 7357
9391 4605
9391 8358
9396 4606
9396 7366
9397 2511
9398 497
9398 1396
9398 1498
9398 7518
9398 8808
9399 6448
9401 4242
9407 8597
9407 9988
9408 2596
9408 5399
9409 2678
9409 5781
9411 428
9413 2115
9413 8886
9414 9596
9415 4123
9415 5530
9417 4360
9418 3172
9419 3468
9419 5324
9420 1028
9421 1153
9421 2500
9421 9869
9424 4038
9426 723
9426 7362
9426 9440
9429 2258
9429 5774
9431 9034
9432 1215
9433 336
9433 2203
9433 8426
9435 5961
9439 488
9440 944
9441 4840
9442 3223
9442 9486
9443 6877
9449 4569
9449 9174
9450 185
9450 1665
9450 4355
9450 9824
9451 701
9452 9307
9453 2435
9456 6320
9459 3243
9459 5137
9461 8376
9463 2699
9463 5272
9466 2398
9467 3989
9468 3612
9473 371
9473 5602
9474 1326
9474 6024
9475 3026
9475 7466
9476 8236
9477 7711
9478 3659
9480 399
9481 6653
9481 9905
9482 4476
9485 5698
9486 582
9487 3548
9489 2521
9491 156
9491 3535
9491 8797
9491 9121
9492 7014
9494 6234
9495 1615
9496 8754
9497 7323
9498 2561
9499 2401
9500 1329
9500 4865
9502 2856
9504 3171
9505 1619
9505 8963
9508 6725
9508 9076
9509 4710
9509 8985
9511 184
9514 9993
9516 7773
9516 8489
9517 3834
9517 8385
9518 7398
9519 5102
9520 3622
9520 6703
9521 5402
9521 9060
9524 7050
9526 266
9528 2480
9528 9274
9529 9244
9530 8054
9531 8162
9532 1785
9533 1664
9534 6054
9535 833
9536 2881
9537 611
9538 2136
9538 2635
9538 3734
9538 4213
9538 7087
9542 2104
9542 2108
9543 8287
9544 6119
9545 2100
9545 6825
9546 1301
9550 1307
9550 6415
9551 2264
9553 9747
9557 1642
9557 8677
9560 3657
9561 988
9562 840
9563 6097
9563 7347
9563 8346
9564 3845
9565 3341
9566 2445
9567 6946
9568 64
9570 556
9570 2152
9570 5756
9571 2538
9571 5845
9572 3287
9572 6528
9572 8474
9573 522
9573 2019
9573 7817
9574 6656
9576 9586
9578 5278
9578 5755
9579 3536
9579 4977
9579 5682
9580 201
9581 812
9581 9927
9582 7317
9583 2544
9583 5407
9584 3604
9585 6187
9585 7010
9585 8971
9586 4295
9586 5936
9586 6819
9589 5911
9591 2020
9591 7574
9592 4342
9592 4874
9592 5097
9592 5896
9593 3792
9593 9092
9594 6023
9595 2564
9596 5079
9597 1207
9597 8463
9603 3563
9604 8423
9605 4754
9605 7887
9608 2189
9611 6708
9613 9454
9614 3865
9614 6485
9615 9617
9617 8993
9617 9898
9622 276
9622 1157
9622 7945
9623 9870
9624 1095
9625 6733
9625 8746
9627 1446
9627 1672
9628 7556
9633 4
9633 3554
9634 2533
9635 3450
9635 7686
9636 3129
9637 7644
9638 4406
9638 6619
9638 9695
9640 5108
9641 6799
9645 2150
9646 9455
9648 6717
9649 2233
9649 3212
9649 5890
9650 3375
9650 5898
9651 9674
9654 775
9654 7063
9655 2773
9656 1343
9656 4901
9658 3409
9658 7162
9660 7699
9662 1408
9662 9019
9663 3110
9665 5662
9666 444
9670 47
9670 7499
9671 5780
9673 668
9674 9176
9675 7264
9676 1879
9677 9574
9678 7966
9678 9267
9683 114
9684 4161
9686 832
9690 1802
9691 2664
9691 3672
9691 9045
9692 4932
9694 9377
9695 7138
9698 919
9698 2192
9700 412
9700 1954
9700 3914
9701 5380
9701 8245
9702 2194
9704 2183
9705 949
9706 8677
9707 1766
9707 3778
9708 5638
9708 7096
9709 7581
9710 524
9710 2574
9711 1841
9712 9509
9713 1503
9714 1460
9714 2060
9714 2164
9714 3044
9714 5920
9715 7988
9716 1847
9721 770
9721 1250
9722 6200
9724 8879
9725 2509
9726 7903
9727 9750
9731 6319
9732 995
9733 1973
9733 2900
9742 224
9743 3631
9745 3176
9746 9210
9747 9009
9748 1177
9748 1909
9751 7766
9752 5905
9752 6300
9753 2385
9753 4029
9755 3598
9756 551
9758 6769
9761 1288
9762 2458
9762 8136
9764 7169
9766 1166
9767 234
9769 4379
9770 15
9770 4590
9771 9316
9774 3190
9775 9961
9776 2745
9777 3507
9777 4773
9778 9351
9783 3142
9784 2568
9785 1582
9789 9717
9790 3100
9790 6773
9791 7008
9792 5577
9792 7443
9793 6475
9797 216
9798 8418
9802 1516
9802 2026
9804 6716
9806 687
9806 2532
9807 3379
9808 5491
9809 8051
9810 1669
9810 7073
9811 2367
9812 405
9812 6136
9813 3512
9815 7929
9816 3836
9820 4794
9821 4523
9822 1202
9822 2897
9822 3567
9822 9699
9823 6214
9824 546
9825 7029
9827 1569
9827 8648
9831 904
9832 235
9832 267
9833 3100
9834 2537
9835 6080
9835 8424
9836 5408
9836 6256
9837 9262
9838 9441
9840 1189
9840 6162
9842 8555
9843 138
9844 1766
9844 6292
9844 9818
9845 9229
9847 6222
9847 6930
9849 4278
9849 6999
9850 926
9851 4769
9852 3049
9853 8786
9855 1023
9855 3020
9856 5020
9857 6349
9858 3353
9859 8946
9860 2551
9861 1651
9861 1768
9861 7891
9861 9283
9862 1036
9863 628
9866 1228
9866 1403
9866 4458
9867 2232
9867 3004
9868 5080
9868 7037
9868 7348
9868 8689
9869 5948
9869 6013
9869 8559
9873 4051
9874 9194
9875 3460
9875 6858
9880 4835
9880 9972
9881 2587
9881 3620
9881 7828
9882 743
9882 4379
9882 8040
9883 4756
9883 5588
9883 8863
9883 9550
9885 5654
9886 1555
9886 9741
9888 2277
9892 1307
9892 7737
9893 6879
9893 8240
9895 4064
9895 7053
9896 294
9897 2218
9897 3430
9897 3902
9897 6673
9897 8461
9897 9659
9900 7928
9901 5780
9905 4614
9905 8012
9906 7214
9906 8500
9909 1370
9909 1856
9909 8511
9909 8635
9912 4633
9913 3549
9913 8098
9915 3540
9916 1
9916 8205
9919 3594
9919 5868
9921 3100
9923 7387
9925 4387
9925 7240
9926 8683
9927 7958
9928 2995
9929 9356
9932 2176
9932 2600
9935 2767
9935 4874
9936 2979
9936 3722
9937 301
9937 2529
9937 8294
9939 3437
9939 6129
9939 6139
9939 9287
9940 7149
9941 7867
9941 7983
9942 9485
9945 6892
9947 8174
9948 4622
9949 9546
9950 3036
9950 5421
9951 1598
9952 1324
9952 7346
9954 1422
9955 1516
9956 1439
9956 4096
9957 987
9957 3432
9957 9392
9958 4090
9960 8481
9961 6374
9962 8287
9965 5943
9967 569
9968 795
9969 377
9971 4778
9972 1641
9972 9117
9973 2797
9973 3120
9974 4119
9974 5936
9977 1871
9977 3284
9977 4772
9978 4083
9978 7096
9982 921
9982 1594
9986 2382
9986 7929
9986 8239
9987 1383
9987 6476
9989 7034
9992 5438
9998 74
9998 3517
9999 1891
9999 5409
-1
