5000
2 7745
3 5231
6 7948
9 3695
11 5898
12 5589
15 6265
15 8396
17 8955
18 4161
19 9940
20 777
21 1093
25 862
26 8251
30 5794
31 1911
35 5045
35 7401
37 1734
46 9588
48 9962
51 5457
53 4270
54 9363
57 6793
59 4440
60 5089
65 6588
71 3131
71 6379
72 162
72 2509
72 8064
74 3557
77 2443
79 2658
81 3020
81 4227
81 7555
85 3458
86 480
86 6683
89 3018
90 9242
92 2489
96 1653
96 2577
98 2783
99 9853
101 7339
101 7550
104 3883
104 8570
105 2601
109 49
110 1435
119 9948
121 6285
122 1777
123 7613
126 1740
127 1591
127 2806
128 625
132 8590
138 1997
138 6207
143 6068
145 5198
147 1155
150 8089
152 4103
154 4258
154 4969
156 8852
156 9414
158 8208
159 4034
164 131
164 4212
165 6637
165 9383
166 2753
167 9101
168 757
168 6893
168 7976
169 5849
169 9863
172 1795
174 2985
174 4706
175 650
176 6169
178 1759
179 1225
181 9474
185 1866
185 5955
187 991
199 1554
200 9677
202 3007
202 4589
206 6693
208 3462
212 991
214 108
214 9455
219 8687
222 1460
224 2734
227 811
227 6692
236 6133
246 7979
248 8230
249 4091
250 3517
251 4268
255 9988
256 5749
261 4615
262 8185
264 1324
269 6190
270 2330
273 4563
274 635
275 4304
275 8928
277 3007
278 164
279 2216
284 3993
287 7653
289 9287
292 6357
293 2510
296 6519
297 6878
300 6129
301 147
301 7176
302 236
302 3068
303 3756
305 3085
306 7270
307 2698
311 9716
313 8641
313 8730
313 8921
317 6840
322 235
324 5435
325 6438
326 533
328 6001
333 9059
335 2380
336 4958
338 5288
341 2751
343 2265
344 322
344 9308
347 7449
348 2491
349 1609
355 5425
359 5490
360 8020
361 1081
362 55
365 4244
365 8777
366 5968
368 7649
370 5945
371 4930
372 6804
373 6452
373 9097
375 782
375 4906
376 5119
377 7644
378 1597
378 1896
378 5989
381 1456
383 4517
383 5226
383 5411
387 8703
388 1972
389 3909
389 8397
392 134
392 385
392 8403
393 3382
394 5505
394 7521
395 1022
395 8807
396 9462
398 1340
401 121
406 57
416 1112
418 4201
419 7392
422 5134
429 3353
431 972
433 3302
434 4694
435 2866
443 4432
445 3245
447 7904
448 3644
463 4373
465 1624
467 790
470 2641
472 5388
473 3139
474 4437
480 3723
480 4418
480 6422
482 9558
486 859
490 5856
491 2619
498 8392
503 5012
509 1794
509 6545
511 3912
512 2361
514 3375
514 3852
514 7659
517 9462
518 8768
521 2786
521 9539
523 4974
523 8811
525 4956
530 1338
530 1628
531 1962
532 5113
533 7766
534 5200
542 5171
547 6311
548 6797
549 6710
551 1071
555 1666
555 4195
555 6403
558 7910
559 3760
560 7760
565 2308
566 3154
569 5795
569 8984
570 3891
571 342
571 4441
572 6308
572 8033
574 2479
574 6588
577 2754
580 1764
580 5938
584 3733
586 5926
590 2232
591 4573
591 7065
592 2966
592 4203
595 1605
595 4099
598 2964
600 4010
601 500
601 5436
607 856
608 1667
613 5595
613 8362
616 5439
617 6937
622 3057
624 6601
625 6350
628 9605
629 5832
629 7948
633 1924
636 530
636 8325
639 1846
641 3344
641 8255
642 5558
644 5599
647 1983
647 2677
647 6576
648 2599
650 2133
651 9039
654 1276
655 4483
655 5336
657 5848
662 5859
663 2399
665 3146
665 9783
666 6304
670 5370
671 1925
675 4817
675 7988
675 9199
676 3023
680 4389
687 2003
688 3187
689 8869
690 4513
694 4235
696 5325
702 4932
704 2086
704 3388
706 1442
706 8964
706 8994
707 2869
707 7842
708 7119
709 3381
710 7476
711 6446
711 8191
718 1376
720 515
724 4027
725 5981
727 1659
734 5966
735 4152
737 973
737 2113
738 8644
742 3034
745 7113
748 2167
750 543
751 4081
752 5898
752 9053
755 113
755 1646
757 6026
758 2331
758 2453
758 4069
762 1937
763 6396
763 9550
768 5971
770 4204
772 9949
775 3204
776 8465
783 5318
783 6070
786 1440
786 4201
786 5552
786 6786
789 1145
789 4305
795 8119
799 5811
803 2446
803 8140
806 9791
807 2550
812 3222
813 6545
817 6211
820 7779
822 6146
823 4670
823 5066
826 5310
828 9127
829 603
829 2987
834 20
834 5076
840 7516
842 4357
842 5208
848 7991
850 8043
852 1821
854 2963
855 8453
856 5436
856 7855
863 6318
864 7662
872 2147
878 4543
878 7861
880 2145
881 8711
884 5973
884 6287
885 3685
888 5062
892 2705
893 7440
895 5946
895 8156
897 9120
900 7137
904 4734
904 5864
904 9061
906 2408
907 9280
923 3234
924 9844
927 3261
927 7759
929 2681
932 8292
933 2787
934 7291
937 3433
942 949
942 5057
943 3738
945 2058
948 640
951 1560
956 2143
956 9357
966 4344
968 8634
969 8436
973 8222
975 2070
976 2962
977 294
980 5039
980 5068
981 7010
984 6858
986 3784
989 7423
990 3
990 2861
991 3195
992 6082
993 7203
998 1689
1000 1590
1000 6292
1000 9920
1001 4651
1002 4159
1002 8746
1003 6408
1005 2203
1005 3254
1010 4324
1010 5670
1016 8800
1023 3660
1025 4371
1026 9550
1031 2381
1031 9202
1032 2875
1034 262
1034 328
1034 5853
1035 7854
1035 9579
1040 9557
1042 952
1045 481
1045 5411
1045 6437
1046 7165
1048 2763
1050 5681
1051 9163
1054 2701
1055 9678
1056 3444
1059 4935
1061 7409
1065 847
1065 5034
1067 6146
1067 8688
1069 2363
1070 8543
1074 8498
1081 1650
1081 8191
1082 983
1082 9234
1083 5668
1084 9400
1085 2875
1087 7710
1088 735
1088 7077
1088 7871
1089 7037
1089 7792
1090 9598
1092 472
1092 6011
1093 6052
1093 7029
1094 7428
1100 1859
1104 4292
1105 3860
1107 7188
1117 2980
1118 2414
1118 3418
1119 101
1119 9886
1120 9495
1122 1691
1125 99
1126 7163
1127 1265
1127 1520
1129 4876
1131 8939
1136 9112
1138 2733
1140 5388
1140 9570
1149 6385
1157 5137
1159 2443
1164 373
1164 4082
1169 6684
1176 8873
1179 2411
1180 269
1182 4755
1183 2201
1183 2812
1183 4467
1184 539
1188 1936
1190 1965
1190 7270
1191 2850
1192 2380
1193 5004
1194 3766
1194 4163
1195 196
1196 3810
1196 7148
1197 6964
1199 6562
1201 4735
1203 1485
1205 4754
1211 2401
1211 9232
1213 9027
1215 7657
1216 9893
1220 1466
1221 5289
1226 4337
1226 6616
1230 6656
1233 9814
1241 6530
1242 2285
1243 2982
1247 6460
1249 879
1250 3239
1250 7581
1251 5866
1251 6572
1253 6422
1260 263
1261 391
1266 2846
1267 8074
1269 1502
1269 5916
1271 2649
1272 477
1272 9009
1273 3750
1274 2784
1279 566
1280 2517
1287 1420
1288 6398
1289 2465
1291 945
1292 3448
1293 9566
1294 8139
1298 1033
1300 27
1300 2532
1301 5695
1302 4664
1303 8767
1303 9474
1305 9841
1316 3599
1316 4601
1318 8871
1319 9215
1321 3562
1324 1952
1328 870
1330 5220
1330 9646
1331 3989
1332 8718
1332 9432
1334 5128
1340 374
1340 3633
1344 841
1345 2019
1347 3760
1350 1472
1354 9736
1356 4068
1359 6909
1362 1311
1368 6292
1370 4121
1381 6432
1381 8997
1385 2255
1388 5288
1388 8612
1392 6113
1393 1148
1394 2870
1399 9020
1400 8281
1403 7344
1404 4334
1405 2373
1406 1896
1406 7789
1407 8969
1409 8052
1411 9280
1413 2038
1413 3972
1414 9534
1415 1328
1415 5903
1417 1881
1419 1276
1419 6451
1425 5308
1426 4883
1428 4983
1431 3205
1432 5280
1433 6206
1437 8809
1438 7117
1440 5762
1442 7573
1445 9049
1446 537
1446 8185
1447 2304
1456 4034
1457 4510
1458 1730
1458 5443
1459 8364
1461 5634
1470 32
1473 5603
1476 3447
1481 1277
1482 5437
1482 8295
1487 5937
1493 4408
1495 3363
1496 4919
1497 7490
1498 9511
1500 7926
1504 1620
1504 7973
1506 8237
1516 6946
1517 9623
1520 7118
1525 1888
1525 5688
1525 9802
1526 9971
1527 3236
1527 4305
1528 5610
1529 6249
1530 1030
1539 1427
1541 5027
1543 4502
1545 8917
1555 4447
1556 6209
1556 7291
1558 1012
1559 9424
1562 4346
1562 4916
1563 5964
1565 9324
1567 6957
1568 8118
1568 9519
1577 4196
1578 5294
1579 7776
1584 4588
1587 2639
1587 9188
1588 7049
1590 7932
1592 2921
1594 8191
1596 326
1604 7020
1605 7685
1606 2500
1608 188
1608 7675
1609 7730
1611 8065
1611 9767
1614 4710
1614 5261
1616 9178
1618 7777
1620 1891
1621 584
1622 4722
1622 6319
1623 9927
1627 2926
1629 9401
1633 6998
1633 9704
1640 1019
1641 600
1641 7922
1642 961
1642 2942
1643 4772
1644 9682
1648 7760
1648 9056
1651 6717
1652 7271
1663 3238
1665 2736
1665 8371
1667 7809
1668 3393
1668 7680
1670 7721
1671 3846
1672 5577
1678 1497
1678 7293
1682 2026
1682 3837
1683 2601
1683 5477
1685 7126
1691 5548
1691 7084
1692 6633
1695 542
1695 5563
1695 8266
1696 5271
1699 483
1701 1118
1704 6333
1713 195
1716 5750
1718 235
1718 1425
1718 7009
1721 9838
1722 5714
1724 102
1724 5828
1725 4022
1726 8345
1728 1795
1728 8118
1729 177
1729 4292
1731 6197
1735 5597
1736 6877
1737 5834
1739 9197
1740 2704
1745 6115
1755 2077
1756 1962
1756 9355
1757 1219
1758 4912
1760 4791
1764 1644
1764 5998
1765 3393
1768 7489
1772 6686
1775 2528
1777 5443
1779 5225
1783 4490
1785 5457
1786 5928
1786 8755
1791 3969
1793 739
1800 9616
1801 3421
1801 4990
1802 8145
1806 7144
1812 3660
1812 8600
1817 3533
1817 6581
1823 4905
1824 2099
1825 6627
1827 8094
1827 8352
1828 5840
1832 365
1832 691
1834 1301
1834 5074
1835 7716
1837 8725
1842 6604
1842 8941
1844 6341
1845 1191
1846 5794
1849 7346
1852 1491
1852 7945
1854 211
1855 9954
1856 9826
1865 5893
1866 6419
1870 9397
1873 6478
1874 6700
1875 455
1876 9913
1879 4222
1879 9569
1882 3865
1882 9449
1884 2155
1885 3625
1888 6576
1890 2277
1890 3994
1893 4568
1893 5944
1895 9360
1898 4166
1905 8509
1906 7531
1914 77
1914 9974
1915 5990
1916 2161
1921 8143
1925 2213
1926 5888
1931 3286
1931 7677
1932 4829
1932 7454
1933 8822
1935 5555
1935 6703
1937 3728
1941 4250
1943 8130
1944 7401
1945 9287
1946 9881
1947 27
1952 6398
1954 1843
1956 279
1956 9955
1958 8328
1959 9011
1962 1413
1964 3106
1968 6954
1971 994
1971 8136
1975 6939
1976 5394
1978 31
1979 7704
1982 3011
1983 7301
1985 5420
1985 5439
1987 6986
1988 2450
1993 5356
2001 3357
2002 3651
2002 8454
2004 2995
2006 7351
2006 7476
2009 8926
2010 6368
2013 3993
2013 8295
2013 8641
2014 580
2016 7683
2017 368
2020 6928
2025 2208
2027 9072
2028 4086
2028 7877
2029 325
2030 5206
2034 1692
2036 1258
2039 5729
2047 8454
2049 718
2050 2023
2050 2427
2053 563
2053 7409
2054 9653
2055 4829
2060 102
2060 6456
2062 7808
2066 1734
2066 8450
2067 1845
2070 8045
2070 8567
2072 9605
2075 794
2086 7847
2090 3345
2090 6523
2091 2969
2095 9248
2098 0
2101 784
2102 1322
2104 7898
2108 8494
2108 8939
2114 3539
2117 3038
2118 1839
2118 8871
2120 3771
2127 62
2127 3286
2127 7497
2128 70
2130 370
2130 6766
2132 6528
2138 8828
2140 6087
2141 4606
2142 9508
2142 9626
2143 7629
2144 4181
2146 9970
2147 8267
2149 7864
2159 215
2162 3665
2163 1708
2163 8068
2164 6683
2166 1028
2168 3922
2171 553
2175 8321
2175 9856
2176 1375
2179 2822
2182 9295
2187 6412
2187 7337
2189 3984
2195 2054
2196 3863
2205 5330
2207 4943
2210 5942
2211 4050
2211 6860
2211 7958
2212 4887
2212 6096
2213 600
2214 3922
2216 6964
2224 650
2225 7521
2234 8438
2238 6930
2238 9210
2239 1007
2245 444
2247 9830
2251 6713
2252 8722
2254 3002
2255 4214
2261 3895
2262 9248
2263 7528
2264 7501
2265 9646
2267 5602
2269 8033
2269 8142
2270 9761
2272 6141
2273 7855
2275 3687
2278 5658
2281 9671
2282 1834
2283 4898
2283 8789
2284 1029
2284 5581
2285 8571
2289 1099
2293 7629
2294 5706
2299 5627
2300 3602
2303 6008
2304 4585
2304 9033
2305 8841
2306 4961
2306 6270
2309 1213
2309 2099
2310 326
2310 2586
2310 7275
2310 8712
2316 6969
2319 8
2319 6597
2323 3467
2323 4076
2325 948
2328 2028
2331 5735
2331 9412
2336 9863
2338 333
2341 8577
2342 6824
2343 9803
2344 3632
2344 4142
2351 3332
2351 5205
2351 8178
2355 3084
2355 4221
2356 1975
2361 4474
2361 7051
2363 5556
2364 6567
2367 9815
2368 1894
2374 8091
2376 5494
2376 7013
2378 310
2379 8092
2383 4526
2386 8453
2389 2525
2391 9138
2394 1273
2394 5282
2399 9811
2405 2593
2407 388
2408 6039
2409 3804
2410 784
2410 5680
2411 8448
2413 6000
2414 2363
2415 2854
2416 6548
2418 363
2420 1475
2420 6152
2427 614
2428 2411
2428 8930
2429 1623
2430 1389
2432 6726
2434 1559
2435 7061
2438 7456
2443 483
2445 8803
2447 1562
2450 703
2451 5652
2455 3180
2455 8185
2461 8447
2462 2296
2464 2375
2466 992
2466 3147
2469 8822
2472 6471
2474 2489
2474 8667
2476 1520
2479 485
2480 4222
2481 2704
2481 4444
2482 4253
2483 1674
2483 3769
2487 3460
2487 9828
2494 806
2499 8444
2501 2770
2502 161
2503 3464
2503 9932
2509 866
2509 2417
2509 5259
2511 197
2515 2687
2515 2962
2521 7885
2523 2149
2523 5362
2524 3968
2526 2900
2530 4635
2531 1979
2534 2606
2538 3961
2538 8179
2539 2240
2539 9429
2541 9016
2546 4403
2546 5551
2549 4066
2550 5674
2551 3466
2552 2376
2552 5589
2558 6347
2560 7850
2565 2961
2568 6768
2570 9346
2578 1655
2579 4992
2584 3509
2590 8344
2591 8832
2592 6010
2593 3254
2593 6464
2597 5850
2597 9841
2598 3090
2601 7669
2601 9071
2602 2484
2605 2960
2609 3506
2611 5224
2611 6071
2612 8540
2614 8047
2619 7435
2620 4628
2622 1547
2626 1221
2626 8038
2627 2168
2633 6650
2633 8592
2635 6522
2637 9073
2641 1384
2642 5398
2642 9202
2643 7324
2644 9880
2650 7646
2651 1617
2651 5532
2653 4022
2657 2319
2657 9007
2664 1066
2664 9331
2665 5471
2666 6608
2670 1329
2670 4399
2673 2428
2673 4943
2674 8410
2675 7206
2676 8874
2678 6981
2681 6714
2682 3113
2684 5642
2687 8907
2691 4693
2693 2791
2695 9064
2696 9009
2697 3490
2697 5999
2697 8970
2699 4853
2701 180
2701 9741
2709 9534
2710 8529
2719 4836
2719 6298
2720 2631
2723 6541
2724 6267
2726 83
2729 5182
2730 2128
2730 7312
2732 199
2732 1891
2733 8691
2733 8817
2741 8736
2744 3488
2747 3693
2749 1828
2750 6332
2750 8494
2750 8878
2751 6
2753 8578
2754 3105
2754 9235
2756 4752
2756 7092
2761 3683
2764 3134
2764 8606
2765 2431
2765 3344
2767 9491
2769 4355
2773 5510
2773 9977
2776 1017
2778 8998
2780 1712
2780 5066
2780 5757
2780 7478
2781 3651
2781 9110
2782 2534
2782 6267
2786 5109
2788 7390
2789 197
2790 4583
2791 2247
2795 5388
2796 4350
2798 3220
2799 4137
2800 7122
2801 9124
2804 2384
2807 6240
2808 1133
2809 2669
2809 4784
2810 3504
2811 8806
2813 1594
2814 189
2814 7960
2816 265
2817 3294
2817 4215
2820 6742
2822 4774
2827 2752
2833 4020
2833 7211
2835 1578
2837 2696
2837 8919
2841 3047
2841 3745
2842 3254
2846 5831
2847 6828
2849 7792
2853 1542
2854 6036
2856 3706
2857 8964
2860 210
2863 1663
2866 4255
2866 6115
2870 7312
2871 4586
2875 4503
2875 8447
2875 9602
2876 1161
2876 4673
2877 3344
2882 5757
2884 3363
2886 154
2886 7326
2889 5139
2891 2704
2896 9669
2899 6044
2900 7906
2902 4354
2903 6975
2903 9225
2907 4796
2907 7172
2908 5697
2909 2055
2909 6276
2910 3542
2911 2466
2912 8310
2914 3710
2914 9738
2917 5506
2918 3843
2919 5579
2926 3334
2927 2977
2929 3762
2930 7502
2932 4013
2933 23
2933 6573
2939 5831
2941 8657
2942 534
2943 7850
2947 3537
2950 1726
2955 460
2955 4880
2956 2164
2956 3494
2961 1148
2964 567
2970 6788
2972 8709
2974 9551
2980 3661
2983 663
2983 7987
2985 1959
2989 5645
2993 771
2996 2717
3000 1036
3002 9184
3008 7912
3011 7934
3013 4373
3013 7176
3022 6711
3024 72
3027 9948
3029 3017
3030 3730
3030 3767
3030 7980
3036 6751
3036 9303
3037 2988
3038 8394
3040 3418
3046 6955
3047 5425
3048 7033
3053 3864
3054 3108
3055 3906
3056 4828
3060 7606
3062 149
3064 8719
3066 4085
3070 2422
3074 6406
3075 9615
3078 9219
3079 6470
3080 4724
3080 7914
3082 2762
3083 4205
3086 8777
3087 8463
3088 30
3088 4281
3088 6626
3091 632
3091 7382
3092 9124
3093 2112
3094 8616
3097 4640
3098 1804
3100 8019
3101 8786
3102 5063
3103 2609
3104 306
3108 2052
3110 3740
3110 8680
3111 2642
3114 2464
3115 8844
3116 5131
3118 3801
3121 4837
3122 5331
3124 2361
3126 7486
3126 8844
3127 9540
3130 4354
3131 2377
3131 8752
3135 3537
3141 2434
3145 3399
3145 8452
3147 829
3149 8986
3151 2757
3152 9211
3153 849
3153 3474
3153 6613
3157 5265
3157 7470
3166 1597
3168 2824
3170 5355
3171 9122
3174 3364
3175 1268
3177 4783
3180 2825
3180 9200
3181 6310
3181 8459
3183 5821
3186 8594
3187 4920
3189 2191
3194 4886
3194 7396
3197 5928
3199 9296
3212 4753
3214 5757
3219 8021
3221 5103
3229 570
3230 1989
3230 6049
3231 628
3231 3416
3232 2491
3236 2409
3238 4794
3239 8138
3241 6663
3247 9296
3248 2922
3250 3944
3253 6408
3254 6360
3258 1174
3259 789
3259 2387
3261 4367
3261 5567
3263 1487
3263 4672
3263 9382
3264 4818
3268 6670
3272 3875
3277 150
3278 8483
3279 5403
3280 9868
3284 9763
3285 3066
3290 3301
3291 3643
3292 4496
3292 6883
3292 9853
3295 1016
3299 4178
3300 6688
3305 4982
3312 7583
3314 8321
3316 3830
3319 6437
3331 1249
3333 8158
3335 1845
3338 849
3341 191
3341 2619
3342 2386
3342 9456
3343 7960
3346 2322
3346 4294
3348 5951
3352 2663
3352 7948
3352 9227
3353 2037
3353 4852
3356 8062
3357 8185
3358 4759
3358 6334
3360 287
3361 4134
3363 3050
3366 1040
3366 9326
3370 2895
3373 6473
3374 7788
3377 3604
3378 1555
3378 5147
3381 728
3382 3395
3385 4991
3387 5540
3396 59
3399 8777
3400 2308
3409 1506
3409 4172
3411 1103
3411 9563
3412 8983
3413 3842
3413 7232
3414 3594
3420 8251
3423 176
3423 9832
3428 5324
3429 2660
3434 5864
3436 1776
3438 4044
3439 6717
3439 9366
3440 4448
3447 8980
3448 2329
3456 2574
3458 1443
3459 4786
3461 4765
3461 7470
3462 2621
3462 3282
3464 5143
3468 2523
3468 6950
3472 983
3472 6187
3476 1897
3476 2603
3477 3843
3478 6884
3478 8147
3478 8626
3479 2480
3486 6304
3486 7314
3487 5318
3489 1215
3490 2484
3492 7623
3494 4864
3497 378
3502 6443
3502 7178
3503 4133
3506 7713
3507 3287
3507 6781
3515 1391
3515 8514
3516 2640
3516 4057
3520 2697
3520 8544
3521 1710
3524 7721
3525 4977
3528 5228
3531 2303
3531 7489
3535 640
3535 4469
3539 2018
3540 7314
3543 5341
3547 8786
3547 9193
3548 3480
3549 6672
3550 202
3557 6815
3558 6051
3559 1365
3564 1449
3564 2109
3569 1620
3575 4
3581 7153
3583 4782
3583 7781
3587 802
3587 6666
3589 582
3592 6065
3593 573
3593 4232
3594 974
3599 1946
3601 3574
3605 1608
3610 1350
3611 6278
3612 9512
3613 868
3613 4883
3622 638
3623 4299
3623 4536
3626 334
3626 953
3626 8223
3627 5253
3627 5790
3629 6610
3635 4241
3636 4624
3642 7509
3643 2160
3653 595
3655 5177
3663 5331
3667 731
3669 9367
3671 379
3671 4896
3673 8581
3675 8136
3678 44
3678 5748
3678 6614
3679 4711
3681 1468
3685 488
3685 6953
3685 8870
3685 9575
3686 8551
3687 1647
3687 8502
3689 668
3690 3050
3691 2940
3692 2966
3693 898
3695 5565
3696 4208
3697 4973
3697 9248
3700 8027
3701 852
3701 996
3705 2265
3713 5153
3718 3642
3718 8438
3720 1231
3720 1728
3721 6230
3722 2187
3724 9296
3726 6825
3727 6980
3728 3929
3729 3580
3730 7339
3731 5985
3731 7497
3733 4197
3737 3369
3739 1516
3739 8203
3741 97
3742 7747
3743 1276
3743 5981
3744 8749
3751 2295
3751 6103
3752 9118
3762 7295
3764 7348
3766 658
3768 7003
3769 2272
3769 8076
3770 1534
3774 3221
3775 5038
3778 3286
3779 343
3783 3584
3784 9751
3785 899
3786 4837
3786 6075
3789 4594
3791 5896
3791 8431
3793 5425
3800 2470
3801 5007
3801 8864
3804 3382
3805 5143
3806 3028
3806 7774
3808 6878
3812 7148
3814 614
3815 9290
3816 1030
3817 9985
3818 2176
3819 3097
3819 7426
3819 8862
3820 4147
3822 6715
3823 9516
3824 1586
3826 3124
3826 8462
3828 1817
3828 2618
3831 3631
3831 5498
3832 9371
3834 5218
3837 5679
3841 3700
3842 701
3842 2623
3844 6515
3846 535
3849 7163
3849 7345
3853 1399
3856 2005
3857 821
3860 2522
3861 9597
3866 5451
3867 8847
3872 9956
3874 2554
3879 7364
3880 6739
3884 2357
3884 4635
3900 2953
3900 7551
3901 4151
3903 7472
3903 9146
3905 7233
3910 2622
3911 5990
3912 6080
3913 3493
3914 6183
3924 4653
3925 8509
3928 6362
3931 9271
3936 390
3940 5198
3941 2997
3942 1364
3942 2409
3942 3209
3944 2998
3944 9342
3945 7135
3945 9447
3947 6772
3948 8347
3957 484
3961 3835
3962 2110
3962 2754
3963 7103
3964 5504
3965 8351
3966 7477
3968 1105
3968 4416
3969 8240
3973 5358
3975 2150
3979 3008
3979 3604
3981 7092
3982 2657
3982 5425
3985 2535
3986 6386
3987 5944
3993 409
3993 8791
3994 5886
3997 7991
3998 2359
4000 2778
4001 4109
4007 8054
4010 5404
4011 4216
4011 4366
4013 2602
4013 4728
4015 2531
4016 1765
4018 7881
4020 2408
4021 2302
4022 4253
4025 1167
4025 4096
4032 202
4032 7964
4033 1405
4035 7595
4035 9311
4041 879
4042 8166
4043 1584
4045 8213
4049 9894
4051 7024
4057 6272
4058 6862
4059 6719
4059 9735
4062 6338
4066 5365
4069 6552
4071 7273
4073 1451
4075 905
4076 2329
4078 1049
4082 165
4088 417
4090 477
4091 5596
4091 9194
4092 9426
4096 5156
4097 7542
4099 5446
4102 2190
4105 1562
4110 1319
4111 6233
4112 3912
4117 978
4119 7801
4121 2253
4123 9958
4124 766
4126 5552
4127 9977
4128 3282
4128 6422
4129 6753
4134 1142
4135 7285
4135 9184
4143 1021
4145 91
4147 9973
4148 3859
4149 1211
4151 7228
4152 2868
4152 5046
4155 3944
4156 7310
4157 8164
4160 1416
4160 1855
4161 3494
4165 1575
4166 4889
4167 7276
4169 9288
4171 1214
4171 6806
4174 5638
4176 2553
4182 1421
4183 1015
4184 1514
4189 7731
4193 3796
4198 8840
4199 3187
4199 6431
4200 9371
4203 6419
4203 7973
4206 6438
4209 4493
4210 8079
4212 1965
4213 9927
4215 8033
4217 4254
4221 8586
4228 9300
4230 1994
4230 3106
4231 9869
4233 7569
4235 5120
4235 6350
4236 4287
4240 441
4243 4709
4246 2805
4246 5937
4252 8659
4252 8768
4253 2951
4253 3267
4253 8233
4254 1339
4254 4936
4264 3499
4266 2531
4268 3267
4270 4626
4270 8055
4272 8335
4273 5450
4276 7326
4280 400
4281 9616
4283 4953
4283 8163
4285 8070
4286 4558
4288 5468
4291 6096
4292 7986
4298 1249
4299 4717
4301 4031
4303 7202
4306 9367
4308 8551
4312 1826
4313 1747
4313 2322
4313 2341
4313 3276
4313 7576
4313 8746
4314 8392
4315 8609
4319 266
4319 2738
4320 1436
4323 3828
4324 3939
4325 287
4328 1029
4332 2049
4332 2116
4332 5315
4333 972
4335 1194
4336 7701
4337 975
4338 8894
4339 3195
4339 7382
4341 3823
4342 3066
4348 449
4353 3110
4354 4589
4355 8810
4356 9522
4360 8282
4362 846
4364 379
4367 3023
4370 2924
4370 9021
4374 7726
4375 9268
4376 4622
4379 2673
4380 9430
4381 2910
4381 6411
4383 8162
4386 3964
4387 5428
4392 3516
4392 4881
4394 4274
4396 3972
4401 7481
4402 8233
4404 9543
4407 76
4408 440
4417 8685
4420 2302
4425 6886
4428 2969
4429 2098
4430 2621
4435 6091
4435 8502
4442 3459
4442 7728
4443 1162
4443 5628
4443 6764
4445 556
4445 5918
4447 4330
4448 9691
4449 1265
4449 9880
4454 8260
4458 8204
4460 1750
4460 8773
4461 8662
4462 7992
4463 9321
4470 9874
4471 4129
4472 2921
4473 7998
4475 8174
4476 1308
4481 5235
4482 3129
4487 4566
4488 9147
4490 5148
4493 2987
4493 5311
4494 3406
4495 9878
4497 4909
4497 5807
4502 6062
4503 3626
4503 8657
4504 2580
4510 5200
4510 8095
4511 7458
4513 6308
4514 3550
4518 8721
4520 2944
4521 1442
4522 6367
4524 9769
4525 581
4527 3960
4529 8661
4533 3690
4535 6204
4540 3134
4544 641
4545 7276
4546 3185
4547 7104
4547 7508
4550 2970
4561 2152
4561 7978
4562 974
4562 9699
4563 3201
4569 761
4569 9749
4577 8928
4578 8387
4579 9387
4580 2220
4586 868
4586 1516
4586 7409
4588 8871
4594 5096
4596 6205
4596 6532
4600 2027
4603 7051
4606 830
4608 1765
4608 7999
4609 3670
4609 4490
4611 9157
4612 2253
4613 4131
4615 7939
4616 3315
4616 6672
4620 1556
4622 2179
4622 8967
4625 6607
4627 7679
4629 4005
4632 7515
4633 266
4634 2140
4635 9823
4637 7629
4639 766
4641 7734
4642 5621
4643 7527
4644 2154
4644 2312
4648 1194
4649 4065
4650 7208
4651 3227
4652 7156
4652 9672
4657 2609
4658 9033
4658 9815
4662 7385
4663 450
4667 276
4668 8343
4669 5581
4670 7448
4673 1934
4673 9402
4674 292
4678 7014
4679 2235
4689 4006
4692 6491
4693 2595
4697 6322
4698 1604
4699 4652
4699 5061
4702 5961
4708 5202
4708 9567
4709 7103
4710 2560
4710 4130
4713 5376
4716 7893
4717 1945
4721 8743
4722 3661
4724 246
4725 1552
4725 4102
4725 8497
4728 1443
4729 7900
4735 4247
4739 6397
4740 4764
4740 5312
4740 8779
4743 5655
4745 4214
4747 231
4750 7246
4753 7134
4758 6499
4773 5736
4775 7796
4778 1908
4778 8041
4779 5234
4779 7152
4780 4471
4784 9491
4785 1613
4789 5264
4790 1934
4792 4762
4793 5636
4795 8848
4796 4075
4796 7315
4797 5456
4799 1959
4800 3416
4804 714
4806 2202
4807 7506
4810 7011
4811 3114
4812 5996
4814 1771
4814 9744
4819 8176
4820 7825
4820 9031
4820 9541
4823 1420
4827 3642
4829 2946
4831 536
4834 2243
4835 1433
4840 1326
4842 2863
4842 6298
4843 118
4846 6567
4849 6953
4852 2041
4852 9561
4855 3249
4858 1809
4858 8746
4858 8802
4861 4858
4861 5769
4862 4856
4863 9260
4866 4780
4867 28
4867 6934
4869 4682
4870 3046
4871 5530
4876 3727
4877 1602
4886 7168
4887 2396
4888 2406
4890 8038
4891 3962
4892 983
4894 1716
4896 246
4897 3626
4897 8967
4898 4588
4903 7400
4908 2274
4908 2507
4910 3532
4911 315
4913 6536
4914 4740
4914 6730
4916 2016
4918 1999
4919 560
4921 1431
4921 8995
4926 4478
4927 9128
4934 3963
4935 2606
4935 8698
4940 7307
4940 9586
4942 5554
4946 8688
4947 8051
4949 313
4950 7147
4952 9308
4953 285
4953 8235
4954 4764
4955 2325
4956 7040
4958 982
4959 6767
4960 9719
4964 155
4968 2063
4968 5045
4969 3470
4974 101
4974 6038
4974 8468
4975 4966
4975 8682
4976 7093
4976 8782
4978 9634
4980 3428
4981 1951
4983 7192
4983 8906
4993 7572
4994 3914
4994 6100
4994 6846
4996 6828
5000 8401
5001 2601
5003 260
5003 1057
5003 2053
5004 5271
5005 5880
5005 6410
5015 4098
5016 5802
5019 6297
5023 6621
5023 9938
5027 4062
5028 9461
5029 4822
5034 7754
5034 8160
5035 3773
5036 2243
5038 5436
5040 739
5040 5842
5042 6605
5043 6426
5044 6884
5048 8313
5053 208
5055 1733
5055 5254
5056 9743
5058 9093
5061 4027
5061 5233
5064 2851
5064 8834
5065 402
5065 8836
5069 239
5078 1245
5082 4468
5082 6850
5084 3069
5084 9530
5087 1563
5087 3919
5087 8358
5088 250
5094 9781
5095 8302
5102 3626
5104 2278
5107 9459
5109 639
5109 2788
5109 9712
5110 937
5110 5570
5112 923
5113 5954
5115 2258
5118 9575
5119 1658
5120 4055
5121 276
5122 7245
5122 9633
5123 7851
5127 903
5129 4318
5130 5073
5130 8475
5132 4949
5132 5003
5133 2768
5133 9864
5134 2406
5138 1414
5139 1582
5141 1974
5144 7313
5146 2274
5148 634
5154 8729
5156 8737
5158 561
5160 455
5160 3744
5160 6676
5161 9760
5162 1255
5163 1569
5166 3652
5166 9771
5168 3169
5172 8114
5173 6763
5175 9388
5179 4021
5184 3404
5184 4270
5188 2714
5189 4353
5190 4829
5191 9860
5194 3915
5195 668
5197 291
5197 8063
5198 4146
5199 2820
5201 91
5202 1644
5203 1837
5204 9000
5207 9881
5208 2595
5210 548
5213 3863
5214 5036
5217 3558
5225 583
5226 2987
5232 3366
5232 7812
5233 1558
5233 5804
5234 6242
5236 2793
5244 1267
5245 8876
5252 8472
5255 210
5258 8398
5258 9698
5259 2274
5260 4667
5264 9232
5272 5930
5273 3212
5274 3071
5279 7094
5279 8349
5280 3184
5280 4410
5281 493
5283 169
5284 3674
5285 1941
5285 1964
5286 3464
5288 3001
5288 8103
5294 5703
5296 994
5297 5151
5298 2120
5301 9304
5302 9922
5306 8239
5308 5449
5309 2516
5317 6702
5319 1455
5321 6040
5323 6149
5326 4239
5327 2880
5327 3997
5328 1619
5330 7654
5333 9196
5334 2503
5335 1078
5341 8743
5342 4763
5342 4904
5349 4817
5349 5129
5350 9579
5356 2337
5358 4223
5360 1707
5360 5948
5361 5758
5362 3370
5365 7310
5372 2023
5375 6360
5376 4735
5376 5081
5376 9115
5377 188
5377 1549
5377 4950
5378 5604
5378 7982
5380 6429
5382 1875
5385 652
5385 9040
5387 7640
5388 1809
5388 2886
5391 1837
5391 4783
5391 9317
5395 101
5397 2701
5402 1111
5406 4242
5414 7889
5419 4051
5421 5704
5426 6277
5428 2989
5429 9459
5430 4970
5436 2453
5440 1923
5441 3848
5441 8217
5442 1207
5444 3564
5445 1021
5458 7093
5458 9879
5464 5209
5467 8611
5469 2164
5470 7046
5470 8380
5471 1568
5471 7270
5471 7849
5475 5567
5482 2323
5484 628
5484 3467
5485 4791
5488 1881
5488 9721
5490 9222
5493 298
5493 2646
5498 6444
5503 7023
5506 9493
5513 180
5514 5543
5516 791
5517 1460
5518 9507
5519 7663
5520 3206
5521 240
5521 754
5522 3621
5527 3471
5532 9214
5533 6260
5534 3289
5537 7061
5541 3086
5544 7978
5545 5635
5546 324
5546 8471
5551 6304
5551 9099
5554 8116
5557 8009
5563 9719
5564 8051
5568 4553
5572 5150
5574 272
5578 2587
5578 5442
5579 3758
5580 4482
5581 9905
5582 3052
5585 4232
5587 1094
5590 8181
5592 3139
5592 4038
5594 1146
5594 4708
5595 4563
5595 5963
5595 9793
5598 5807
5599 4745
5599 7732
5600 8487
5600 8686
5601 3221
5603 3745
5608 5050
5611 1182
5612 2547
5619 5945
5621 7715
5623 1848
5624 9959
5625 1275
5627 8652
5628 4562
5628 5637
5630 7346
5631 142
5634 9216
5637 1083
5640 2398
5640 8718
5641 5194
5642 6466
5644 7292
5646 420
5646 4739
5646 5376
5650 9569
5652 5739
5653 5543
5654 3007
5654 9464
5656 3803
5656 9261
5660 2906
5660 8601
5661 6507
5662 4125
5666 5463
5673 3968
5678 7115
5680 1745
5681 1505
5682 7182
5686 2201
5689 834
5690 427
5691 4847
5693 584
5693 2703
5696 4042
5697 8182
5698 8914
5701 9199
5702 6980
5711 5127
5715 6201
5715 7855
5717 9417
5720 7378
5724 3059
5724 8606
5728 8286
5731 5433
5733 1816
5738 9069
5739 6577
5745 1114
5746 8000
5752 5507
5755 8120
5758 4181
5761 171
5762 1548
5764 4551
5765 7507
5770 2005
5771 7327
5772 5273
5776 3688
5777 2660
5779 8196
5782 1055
5784 2042
5788 4620
5790 686
5791 3618
5792 7366
5802 1011
5802 2052
5804 4048
5808 3824
5810 6379
5814 8747
5815 2886
5815 3921
5815 8362
5817 1078
5818 182
5818 3530
5820 6466
5825 6934
5826 9734
5827 8018
5828 9963
5831 3875
5835 4639
5839 1586
5841 303
5841 1348
5841 5454
5842 3173
5843 1275
5846 9888
5848 221
5848 5661
5849 887
5849 6180
5849 6940
5854 4384
5854 6744
5854 9668
5856 1038
5856 6148
5858 4339
5860 7544
5862 8120
5865 5265
5866 2480
5866 6708
5869 1857
5869 6072
5872 9778
5873 7522
5874 1753
5874 1892
5877 5192
5879 2083
5879 4759
5886 1088
5889 367
5891 3876
5897 9356
5898 6087
5902 6384
5903 6844
5904 4909
5906 1655
5907 3635
5908 551
5908 5449
5909 6021
5910 1487
5913 5123
5914 4323
5915 7319
5915 8196
5916 1328
5918 4736
5921 5971
5921 6565
5922 6203
5924 5814
5924 9745
5925 3647
5925 7033
5929 2665
5930 1198
5939 9364
5943 8499
5946 6140
5946 6265
5947 3455
5947 5418
5948 6449
5948 7298
5948 8739
5949 4036
5952 2166
5952 8432
5956 8306
5960 2468
5962 952
5962 4314
5965 1507
5965 3639
5966 5994
5967 8975
5968 3822
5971 2792
5971 8258
5974 6473
5975 9196
5977 7863
5978 615
5980 732
5981 4331
5984 7436
5986 685
5986 7058
5991 8592
6000 1843
6000 4145
6000 9003
6002 4077
6005 2297
6006 4830
6008 7645
6009 6134
6012 9012
6014 4474
6014 9187
6016 666
6018 2233
6018 7858
6022 457
6022 4428
6027 3711
6028 8547
6033 837
6033 2547
6034 8408
6040 358
6041 4931
6043 1023
6043 1075
6044 520
6046 3014
6048 2203
6048 7507
6053 4835
6054 2569
6054 4972
6054 6808
6054 7159
6055 4094
6056 4311
6058 7248
6058 7586
6059 5517
6060 6459
6062 3959
6063 5873
6066 8986
6067 5611
6067 5731
6068 1795
6069 1894
6070 6116
6073 1328
6074 4191
6074 7200
6075 4043
6075 5188
6078 9495
6082 3223
6085 6931
6085 9435
6088 9910
6089 641
6089 2365
6091 2506
6094 8630
6097 5436
6100 4757
6101 3627
6102 1147
6106 583
6106 6186
6108 5405
6109 9772
6113 6624
6114 1915
6117 7158
6119 3991
6122 6702
6125 8236
6127 6085
6129 1590
6129 5432
6133 9354
6135 1297
6140 4868
6143 4496
6146 6622
6148 8023
6149 9687
6152 7542
6154 6536
6154 8162
6157 7841
6162 5253
6163 5158
6165 169
6165 8332
6166 8824
6171 6935
6171 9184
6172 2606
6172 5602
6172 6412
6172 7320
6173 6261
6174 3900
6175 2467
6176 1836
6178 1435
6179 8683
6181 310
6181 9524
6182 8420
6183 4024
6185 6146
6186 5375
6189 8654
6190 8193
6192 767
6192 1469
6193 5665
6193 8387
6196 4766
6198 7955
6201 272
6203 3202
6206 4740
6209 5678
6210 4621
6211 7547
6214 236
6214 6934
6216 6360
6218 1795
6221 6202
6226 8192
6230 970
6234 4670
6238 8333
6239 4209
6242 4422
6242 7269
6246 2853
6249 1200
6249 6286
6253 6791
6253 8197
6258 3878
6259 8473
6260 3299
6260 4584
6262 7727
6265 9432
6266 2988
6270 1915
6270 6242
6270 9490
6271 7157
6278 983
6280 4247
6282 8706
6284 6051
6286 7136
6290 1561
6290 9781
6296 5225
6303 2868
6305 6499
6308 1644
6309 4803
6309 8578
6309 9353
6320 6614
6322 1151
6324 9132
6325 4170
6326 9943
6327 5832
6328 690
6333 4303
6335 3802
6337 253
6337 947
6337 1818
6338 8620
6339 7560
6340 957
6341 269
6341 6475
6344 3907
6344 5893
6344 8748
6349 6325
6352 6514
6354 3996
6357 732
6358 1403
6358 9073
6360 9994
6361 1328
6362 1845
6364 309
6364 1222
6365 1504
6367 533
6368 2611
6368 3769
6369 5756
6377 1766
6380 2892
6380 8036
6382 8349
6387 1111
6390 1997
6396 5147
6398 1009
6413 4809
6414 3710
6415 1369
6417 1441
6419 6553
6420 296
6422 9324
6424 7559
6427 941
6430 1547
6433 8899
6434 6322
6435 3006
6436 8092
6437 8226
6438 1250
6446 4645
6448 8695
6449 3363
6451 4405
6452 1099
6454 9358
6455 6690
6455 8718
6457 7886
6461 1982
6462 7440
6462 7583
6465 1124
6470 4039
6472 3620
6475 3939
6478 9487
6479 4818
6481 5534
6481 9189
6482 2421
6482 3407
6483 2179
6486 5300
6486 8685
6489 4524
6489 5423
6489 6361
6493 532
6497 5676
6497 5760
6504 452
6510 4854
6512 1542
6515 1494
6515 9064
6516 3379
6516 9926
6518 4819
6522 5093
6524 8965
6526 5549
6531 3900
6532 6387
6534 975
6534 5554
6535 2839
6535 9476
6540 4700
6541 6509
6544 6989
6545 4050
6550 2835
6555 5105
6557 4794
6560 51
6560 8109
6563 8976
6565 326
6581 7989
6583 2520
6587 5621
6588 458
6591 5295
6596 1404
6599 2845
6608 4462
6609 2441
6610 9972
6611 3164
6613 2364
6615 9143
6619 7410
6624 5369
6625 8848
6629 6386
6631 61
6633 464
6634 8326
6636 7766
6638 1522
6638 7466
6642 8578
6644 4791
6645 1025
6647 91
6650 9801
6655 4223
6656 7472
6659 7783
6660 9353
6666 890
6667 2039
6667 3311
6668 5030
6671 4204
6671 9688
6672 2112
6678 4728
6681 1940
6682 338
6682 7270
6683 2332
6683 5300
6691 8482
6697 2174
6698 6208
6698 9495
6699 5988
6700 1527
6700 7665
6702 2595
6702 8124
6705 6055
6708 9491
6717 5757
6719 422
6721 7011
6723 400
6724 3962
6726 6498
6726 8177
6728 4619
6734 6136
6737 5417
6738 756
6743 1180
6743 1919
6743 9130
6747 5862
6749 4182
6750 2911
6754 5052
6755 7062
6763 8641
6764 3220
6764 8125
6764 9258
6766 6796
6767 8197
6767 8991
6767 9231
6770 6204
6771 2380
6772 5044
6773 3134
6776 9738
6783 5985
6783 6612
6785 4994
6786 6069
6789 4827
6790 39
6792 6141
6793 9019
6801 7500
6805 7505
6806 4151
6808 5165
6812 5273
6816 3578
6817 7991
6818 940
6822 9771
6822 9911
6825 9069
6828 4376
6828 5120
6834 3232
6836 3916
6836 9143
6839 5772
6843 467
6844 9448
6846 8355
6848 5221
6849 9300
6850 1592
6851 9664
6852 5754
6853 2084
6853 7189
6859 264
6867 2487
6868 4103
6869 6359
6871 2058
6873 1128
6873 5673
6877 6454
6879 6051
6885 2304
6888 7876
6890 213
6892 4820
6903 1818
6907 5001
6908 2719
6912 3745
6912 4505
6913 4070
6915 1270
6916 1883
6919 7696
6920 5266
6921 7781
6923 2630
6923 6839
6924 153
6928 9533
6930 4956
6937 2346
6938 1908
6942 924
6944 9144
6947 4459
6947 7669
6950 4238
6950 8107
6951 1494
6951 4112
6952 9756
6955 216
6960 5859
6961 5512
6961 9976
6965 1642
6966 1611
6968 2114
6968 8386
6970 199
6970 892
6970 9020
6971 9654
6972 2719
6973 9245
6977 3631
6977 3650
6980 4155
6980 9889
6981 6693
6984 3428
6985 6948
6988 5861
6988 7432
6994 7225
6996 3362
6996 8815
6998 7021
6999 2458
6999 6840
7000 2868
7002 8763
7004 4414
7006 6219
7009 2100
7012 7073
7013 959
7014 4948
7014 5917
7015 4130
7015 4369
7019 8373
7026 8046
7031 7559
7036 3070
7039 7643
7043 6603
7045 4808
7047 6234
7049 2061
7053 1827
7055 2675
7060 3445
7062 4706
7065 939
7069 4423
7070 7832
7070 7968
7071 6939
7072 6086
7072 9353
7078 9605
7082 7441
7083 3256
7084 8096
7086 2677
7090 336
7092 5545
7092 6777
7092 6890
7092 9159
7093 812
7095 7818
7099 1070
7100 5912
7101 1580
7102 3101
7105 5810
7106 7416
7109 334
7109 1309
7110 1182
7112 8496
7113 1889
7117 867
7119 2566
7120 8015
7121 3612
7123 5109
7124 6684
7125 3524
7126 3983
7129 4155
7130 8382
7136 8096
7137 4345
7139 7474
7144 3028
7148 8533
7150 7946
7150 9119
7151 3804
7152 4923
7153 3622
7154 3042
7154 5111
7155 5484
7160 1768
7163 1812
7165 6222
7169 8006
7172 3152
7175 4509
7179 1326
7181 1253
7183 8321
7188 2916
7191 2559
7195 201
7197 9943
7198 7272
7200 6533
7200 7086
7201 3484
7201 6852
7202 1483
7202 6564
7202 7540
7205 8925
7206 8462
7211 1668
7211 8921
7215 3081
7215 4732
7217 6749
7219 8800
7220 9378
7227 6293
7227 6408
7229 5642
7233 360
7235 966
7235 6771
7236 7073
7236 9476
7237 1684
7240 5980
7243 8733
7245 396
7248 893
7252 9385
7253 8628
7256 3045
7259 4061
7262 858
7263 3486
7264 1573
7264 8999
7265 2051
7265 5342
7266 4126
7267 8089
7267 8256
7268 8731
7269 576
7269 2481
7271 9746
7275 5051
7275 6506
7278 3213
7279 289
7280 1129
7281 7369
7286 4833
7286 6961
7288 7012
7291 7054
7292 7975
7293 1488
7296 4239
7296 8732
7299 5627
7300 6789
7300 7682
7301 5062
7302 4225
7305 2214
7305 7116
7306 184
7313 1956
7317 8625
7320 6442
7320 8235
7321 5476
7322 7251
7322 8340
7324 656
7326 1857
7326 2216
7327 9174
7333 2482
7333 6694
7335 498
7339 5848
7341 7321
7349 262
7349 3105
7350 9672
7355 5916
7357 6724
7360 5448
7365 9963
7366 6505
7367 632
7371 872
7372 1617
7374 4780
7375 1584
7376 7475
7379 2387
7394 7568
7396 9307
7398 4437
7401 3122
7404 6582
7406 268
7407 7557
7413 7076
7415 2910
7417 3791
7419 5272
7421 9248
7422 9597
7423 3539
7425 3510
7425 3589
7430 2498
7432 9262
7433 4097
7433 9054
7434 6681
7436 8149
7437 2548
7438 5761
7438 8683
7439 9807
7441 1607
7441 3911
7441 8113
7443 3542
7444 2130
7446 4594
7446 9566
7447 2589
7451 9352
7452 8893
7453 3348
7458 7731
7461 7555
7463 2150
7463 2861
7471 8687
7472 994
7474 2493
7477 8729
7483 1732
7483 6200
7484 2274
7485 3953
7485 5669
7487 471
7491 4531
7494 228
7494 4673
7496 3670
7496 4859
7499 2929
7499 8472
7500 2943
7503 1099
7504 2642
7505 7021
7506 2190
7506 4170
7509 1789
7510 7575
7516 5614
7519 9352
7523 4798
7526 9370
7529 1212
7529 5030
7538 5540
7542 4621
7543 848
7544 2751
7544 2930
7544 6629
7545 6931
7551 1202
7553 271
7554 3564
7555 9446
7557 8466
7561 405
7563 3656
7565 8761
7567 1640
7567 2194
7580 4112
7580 8823
7593 8405
7594 7904
7594 9510
7597 1050
7598 1644
7601 587
7602 3055
7602 9589
7604 3529
7604 7863
7604 8921
7610 3188
7611 2780
7613 1232
7615 9350
7616 1986
7618 5412
7618 7515
7620 4878
7620 9747
7623 9747
7629 3525
7629 9860
7631 4018
7635 9805
7637 3173
7639 9837
7640 2811
7645 7029
7651 6848
7654 7564
7657 323
7657 8672
7660 5246
7661 3253
7662 9884
7663 1298
7664 4542
7667 7609
7671 3865
7673 3341
7676 3593
7677 6481
7680 7137
7681 5957
7681 6090
7682 8453
7683 5267
7687 2223
7688 406
7688 1881
7689 8149
7690 422
7694 3849
7696 696
7696 3731
7700 4801
7701 5466
7704 8082
7704 9514
7705 9734
7708 5488
7708 6071
7708 8429
7709 9509
7710 9253
7714 9839
7716 2083
7718 7639
7719 9540
7720 1319
7721 325
7723 3989
7723 4958
7730 9570
7731 4449
7731 8909
7733 2488
7734 564
7735 5454
7735 6468
7735 6566
7738 3313
7739 7364
7740 4126
7741 5396
7742 551
7742 1408
7742 7213
7743 3412
7747 7639
7747 9932
7748 1734
7749 656
7751 8658
7751 8913
7753 3404
7757 7042
7758 2896
7759 2638
7760 5798
7764 4309
7764 9764
7773 690
7774 5261
7779 4658
7783 5918
7784 9199
7786 8363
7787 4627
7788 4637
7789 9114
7790 4415
7793 8370
7794 6705
7795 6779
7796 964
7796 6355
7796 9417
7797 154
7799 9624
7805 5233
7806 3271
7806 5649
7807 2732
7808 8629
7812 8379
7817 2906
7817 9715
7817 9971
7818 4957
7820 3279
7822 5267
7831 1641
7836 2009
7837 6056
7840 9991
7841 9258
7842 1210
7850 7089
7852 9353
7853 4890
7853 9658
7854 7391
7856 675
7858 7980
7859 4575
7859 5498
7859 6330
7859 8905
7863 7721
7863 9625
7865 5895
7865 8590
7868 6161
7870 9718
7874 1957
7875 4018
7879 9187
7885 7548
7888 5986
7891 171
7893 6927
7896 8555
7901 1668
7901 3888
7902 4216
7904 9780
7905 1324
7910 4208
7911 1790
7914 5989
7914 7374
7917 1567
7920 4615
7921 2045
7930 6118
7930 8639
7937 8865
7937 9371
7941 7618
7943 9940
7944 6295
7944 6721
7945 9530
7946 3935
7946 7733
7948 7590
7950 1626
7950 1951
7952 706
7952 5679
7952 8947
7954 329
7955 539
7956 5026
7961 9179
7962 2320
7963 6447
7964 5326
7965 9435
7968 1397
7968 1962
7974 181
7974 2187
7977 4618
7983 3749
7983 4522
7984 393
7990 5543
7993 6177
7993 8824
7998 2857
7999 2529
7999 3227
8000 7444
8001 8935
8003 9238
8006 147
8006 8730
8010 197
8012 144
8012 1969
8012 7216
8016 2822
8016 8808
8018 7498
8021 6010
8022 210
8025 1337
8025 3246
8025 3422
8028 9609
8030 973
8032 573
8032 6701
8034 4337
8037 3429
8042 9600
8045 2087
8048 7156
8048 8819
8052 574
8052 7318
8052 7911
8053 1857
8054 8452
8056 9865
8058 1661
8058 7047
8064 3728
8065 7017
8068 6997
8071 1509
8081 2285
8082 2270
8082 6909
8084 9594
8085 330
8087 2982
8088 2132
8088 5799
8088 8236
8089 7727
8090 5110
8090 7647
8091 3348
8092 4890
8093 3255
8093 9285
8094 312
8094 5265
8095 7162
8095 8248
8095 8563
8099 2401
8103 3933
8105 800
8105 1451
8105 3276
8107 4136
8111 4381
8113 1191
8113 8247
8120 3336
8123 9784
8124 3080
8124 5710
8130 3633
8130 7126
8131 6864
8132 1523
8132 7520
8133 4226
8139 3046
8142 9519
8144 7302
8145 122
8145 4286
8152 5144
8153 9096
8156 3026
8160 62
8160 4943
8165 4591
8167 2515
8169 5813
8171 1880
8171 2025
8173 8588
8174 2598
8175 9303
8176 1614
8179 3584
8179 5439
8182 92
8182 9320
8183 3502
8187 563
8187 3194
8187 3646
8189 1733
8189 4472
8189 5214
8189 7422
8191 558
8192 6174
8193 3324
8196 197
8196 3678
8197 680
8199 5058
8201 9447
8204 4313
8205 1589
8205 6301
8205 8086
8208 5374
8212 4641
8214 3661
8219 5809
8220 2317
8224 5235
8226 7777
8230 304
8238 546
8238 6584
8238 7854
8243 1817
8245 8089
8251 1323
8254 6694
8254 8580
8259 2002
8265 8
8265 5984
8265 6851
8267 7285
8268 1208
8269 7189
8270 1314
8270 7609
8275 3940
8275 6727
8277 2976
8277 4736
8279 1512
8280 6424
8280 7699
8281 3453
8287 7713
8288 2868
8289 5127
8289 7756
8289 9112
8290 1779
8292 8620
8294 440
8295 1667
8296 8946
8299 260
8300 8312
8301 4757
8302 8073
8304 7219
8307 5618
8313 3010
8315 5785
8316 5632
8316 6423
8317 6759
8321 3143
8323 2464
8325 701
8325 3004
8325 9017
8326 5297
8328 4963
8336 9213
8336 9989
8337 1588
8337 8432
8338 3857
8340 6260
8341 7229
8342 8616
8344 9955
8345 3794
8345 5782
8345 9828
8346 1983
8346 6543
8347 5216
8348 6126
8348 8766
8352 1159
8357 3389
8361 8243
8363 4520
8364 4788
8364 5396
8365 3261
8366 9818
8367 497
8368 9115
8371 7215
8373 3634
8374 2035
8376 8125
8376 9400
8377 4960
8380 6807
8384 1925
8388 4138
8399 224
8399 3568
8399 9645
8404 2105
8405 7582
8406 4025
8406 4435
8406 5681
8406 9705
8408 358
8409 4051
8410 483
8413 9250
8415 4683
8417 2787
8418 8530
8421 8161
8422 829
8422 4072
8423 6468
8424 199
8425 939
8434 8281
8435 6520
8438 5118
8440 8681
8443 7200
8446 2592
8446 4356
8448 1828
8453 3224
8453 4483
8457 2162
8458 3062
8459 4952
8460 1675
8461 406
8461 5020
8463 5771
8469 6480
8470 3564
8473 8627
8477 2628
8480 6411
8481 3233
8483 490
8483 7069
8488 8194
8492 1301
8498 1464
8500 6985
8502 4540
8503 4103
8504 8033
8505 4730
8507 6244
8507 6997
8508 1306
8509 9233
8520 2059
8522 7307
8523 3605
8525 278
8528 4213
8528 9130
8529 7904
8531 35
8534 6493
8535 466
8537 7324
8540 8795
8542 4081
8549 1703
8549 2876
8550 8451
8555 3530
8555 4937
8556 6594
8557 9654
8560 8445
8562 8178
8563 8637
8567 6328
8571 1981
8571 3471
8571 8268
8575 9797
8577 4362
8577 5651
8578 9174
8579 738
8585 3481
8588 4083
8592 274
8592 9780
8593 2419
8593 2673
8596 6613
8596 6810
8599 5159
8601 7586
8603 6978
8604 134
8604 5024
8605 5754
8605 5977
8605 9673
8608 4341
8611 5356
8612 3741
8614 1897
8616 1502
8621 4781
8623 1156
8623 8445
8627 2745
8631 5443
8634 4095
8634 7240
8636 5656
8640 2114
8640 9830
8641 7524
8643 4511
8644 7240
8647 1742
8652 1611
8652 8852
8658 5070
8660 7879
8662 3321
8662 9705
8663 3055
8664 2933
8670 390
8670 3006
8672 4669
8673 4773
8674 1235
8677 875
8683 7333
8685 2936
8688 2626
8689 9246
8690 5574
8691 7381
8694 3748
8694 7623
8701 9911
8705 6555
8707 7918
8708 7698
8709 6722
8710 27
8712 339
8712 5748
8713 9625
8714 7240
8718 1836
8719 5369
8722 3762
8722 6790
8723 9393
8724 1519
8726 4220
8728 2619
8728 4958
8730 8622
8732 5809
8734 5813
8736 724
8737 4751
8742 9333
8744 6628
8747 5603
8748 4253
8750 3994
8752 5915
8752 6505
8752 8403
8754 3836
8757 1118
8757 1574
8757 1792
8758 3426
8758 4050
8759 5459
8762 3344
8763 1575
8764 4711
8765 5793
8770 8670
8771 3263
8771 7569
8771 7581
8773 1260
8776 1264
8778 4826
8780 4514
8783 9843
8785 9965
8791 2000
8791 8985
8797 3033
8799 6475
8800 3820
8800 6531
8801 551
8803 9249
8804 5831
8807 5382
8808 6017
8812 9532
8815 8008
8817 4141
8819 2655
8820 4634
8822 7121
8826 9942
8827 3283
8829 6571
8832 6376
8833 2214
8834 1141
8835 3032
8835 6921
8836 8118
8840 493
8843 8708
8845 2760
8845 4219
8846 7843
8846 8612
8847 9570
8848 5164
8849 5372
8850 2842
8851 1010
8851 1052
8852 2000
8853 1311
8853 7311
8857 8623
8857 9134
8858 4939
8866 457
8866 2279
8867 4093
8868 2054
8873 8589
8873 8909
8875 5632
8877 9423
8878 4279
8879 284
8879 3270
8879 5411
8880 5282
8881 4169
8883 5674
8883 5728
8885 7202
8886 8976
8887 5151
8888 417
8889 3963
8889 5754
8896 6880
8897 4204
8897 6630
8899 5191
8899 5613
8900 4770
8900 7975
8901 690
8903 3634
8913 1021
8913 1297
8916 2408
8917 3036
8921 6437
8924 1745
8925 7010
8926 4929
8929 9174
8931 5344
8932 7528
8936 7283
8938 1588
8939 6393
8941 3322
8941 4802
8941 5163
8943 3696
8943 3786
8945 3029
8945 3209
8946 3600
8949 5147
8950 8
8951 4291
8953 2499
8954 9027
8955 1308
8957 4749
8957 7272
8958 2209
8960 9061
8962 7816
8968 8638
8974 8227
8974 9206
8975 8489
8975 9957
8980 8871
8988 1078
8989 7786
8990 3775
8993 1381
8994 4011
8996 1565
8997 3165
8997 4633
9001 2922
9001 9607
9004 1180
9006 628
9008 3107
9009 4874
9009 6985
9010 5057
9010 9909
9012 3483
9021 3176
9022 247
9022 5906
9022 6579
9024 7759
9025 6104
9027 9403
9028 2946
9032 6119
9033 9443
9035 1133
9037 2148
9038 7758
9038 8409
9041 176
9041 6643
9041 8634
9046 1855
9046 2068
9049 9013
9050 3069
9052 7855
9053 7425
9056 867
9057 363
9057 1807
9057 7302
9060 7799
9063 789
9065 3326
9070 5300
9073 9100
9075 9184
9077 3105
9077 3267
9078 1166
9079 638
9081 3481
9086 5473
9089 863
9094 5171
9095 4877
9096 967
9096 9201
9098 6725
9101 4125
9102 1585
9108 3087
9110 976
9111 9143
9111 9774
9114 1774
9118 854
9121 579
9121 1120
9125 9332
9125 9516
9126 6491
9126 8220
9131 3829
9131 5107
9132 3502
9134 6409
9135 8502
9138 4103
9139 7639
9141 4832
9141 8428
9142 2965
9143 3770
9148 1125
9152 4421
9152 8679
9155 3856
9157 508
9159 349
9163 2735
9163 7840
9170 4736
9171 1003
9174 9376
9175 2468
9176 6342
9176 9033
9177 3095
9177 9376
9181 7260
9183 7732
9187 1495
9187 3792
9189 705
9192 3518
9195 828
9195 6649
9196 1457
9203 1991
9206 5832
9207 1936
9207 7944
9210 3878
9210 7151
9211 6641
9213 8856
9213 9704
9214 439
9220 6922
9222 6328
9223 4044
9225 6222
9226 7374
9230 3021
9236 5178
9238 4916
9238 5486
9240 1584
9240 4306
9241 4365
9242 8706
9242 9565
9244 7193
9245 2253
9247 4386
9253 4054
9254 1960
9254 3508
9254 7281
9255 1055
9255 5646
9257 7020
9258 7153
9261 7898
9265 6664
9269 6740
9272 5737
9273 8703
9274 5944
9275 5818
9283 101
9283 7123
9290 9379
9291 3785
9295 164
9295 1835
9300 7988
9301 8987
9302 3121
9308 1704
9308 6942
9308 8068
9310 1558
9310 8873
9311 883
9312 4138
9313 6224
9318 3352
9321 5969
9322 1880
9323 7848
9324 5083
9325 4087
9335 9980
9336 5727
9346 2956
9346 8021
9347 6855
9347 7098
9348 5518
9352 3133
9352 8790
9352 9682
9355 2481
9358 686
9358 708
9360 7398
9361 6634
9361 7073
9367 9274
9369 5887
9370 4741
9371 1079
9372 8875
9372 8954
9374 7454
9375 4960
9378 1401
9379 2004
9380 8836
9383 6747
9384 4781
9386 2005
9387 6427
9389 3881
9389 6882
9391 1568
9399 1793
9399 8292
9400 1793
9400 5729
9400 8721
9403 7384
9404 2580
9405 5617
9406 3094
9406 9987
9411 7656
9411 9177
9414 394
9419 9515
9420 7960
9421 3407
9422 2752
9425 7061
9426 198
9431 4685
9432 6573
9434 5373
9436 4804
9436 7387
9437 9570
9438 8008
9441 9338
9443 9724
9444 2697
9444 9029
9446 9637
9451 96
9451 5222
9453 9868
9456 8164
9460 6047
9460 8823
9461 1490
9462 4123
9466 1684
9466 8404
9470 8437
9473 9499
9478 1034
9481 3179
9484 2493
9484 7177
9485 2713
9487 604
9490 8926
9491 2603
9491 7627
9492 1887
9496 6265
9503 8100
9504 5182
9504 6200
9505 4729
9505 5287
9505 8790
9508 8764
9514 7036
9515 3838
9516 1115
9521 2985
9521 5140
9523 242
9524 7843
9527 2027
9531 2102
9535 1388
9536 2811
9539 2304
9542 2438
9542 7217
9545 697
9546 4523
9547 2209
9548 4041
9548 5176
9548 9147
9551 112
9551 948
9552 2781
9553 7594
9554 441
9554 4835
9558 4653
9559 7657
9560 4134
9560 9747
9562 5559
9562 8231
9571 1202
9574 5004
9575 7010
9576 2749
9579 8251
9583 3910
9583 4193
9583 9600
9584 7397
9585 8149
9586 1803
9588 3794
9589 9273
9593 2339
9595 7838
9597 9790
9598 7551
9604 9446
9607 5429
9607 6038
9612 6277
9615 3949
9616 9600
9617 9601
9618 9763
9619 8743
9620 4225
9622 8701
9623 8741
9626 5042
9628 2446
9628 9726
9632 6843
9635 9783
9636 7299
9640 597
9641 674
9642 8058
9643 3981
9645 281
9647 1982
9648 1021
9648 6691
9652 7917
9654 4993
9656 6235
9658 5042
9659 6957
9661 3748
9662 3928
9662 4140
9666 2356
9666 6836
9674 2790
9677 3354
9678 2107
9680 4826
9683 21
9683 8965
9684 8525
9685 5512
9686 3824
9686 6371
9688 6645
9688 7144
9691 4751
9694 2673
9697 6842
9697 8396
9700 3245
9706 3849
9707 7604
9712 3489
9713 4265
9713 7585
9717 8989
9718 9283
9723 9739
9727 907
9727 1077
9732 8284
9736 9270
9740 4568
9741 8404
9743 1082
9745 9265
9747 7526
9752 4818
9756 9570
9757 6697
9759 7199
9760 9051
9762 4451
9762 5696
9764 6396
9767 2331
9767 7133
9768 4843
9769 5709
9769 9813
9776 4656
9777 4917
9781 2330
9782 1371
9782 3037
9788 8553
9789 3450
9790 4045
9793 7314
9794 8229
9795 4354
9795 6120
9798 272
9798 7888
9802 9405
9803 4540
9805 2046
9809 6527
9810 2229
9812 3578
9813 8821
9815 9420
9817 7621
9820 7365
9824 5335
9825 1041
9826 318
9826 9223
9829 4298
9832 4065
9834 34
9834 3343
9839 4845
9841 8517
9846 3860
9847 6232
9851 7870
9853 921
9853 6168
9853 6885
9856 8150
9857 9815
9859 8056
9860 271
9861 2115
9861 8184
9863 3721
9867 8817
9868 901
9869 1420
9870 3156
9870 9195
9873 5456
9874 3974
9879 8623
9882 584
9885 6642
9888 6115
9891 3742
9895 5619
9898 2906
9900 8665
9904 3658
9904 5448
9906 4619
9907 9648
9908 2842
9909 6294
9912 5463
9912 6482
9914 5533
9914 8961
9915 3239
9917 9152
9918 2376
9919 8787
9920 4585
9920 7733
9921 8127
9921 8725
9921 9552
9923 627
9932 8786
9940 2754
9940 8266
9941 1907
9944 1401
9948 4251
9951 3338
9952 8002
9952 8046
9954 7466
9959 882
9960 1849
9961 3490
9962 9197
9964 6724
9964 9844
9966 1393
9966 3979
9967 5001
9968 4711
9969 2238
9969 2877
9969 7487
9975 3676
9981 340
9981 8844
9982 7240
9982 8075
9983 2496
9985 5970
9988 1377
9989 7831
9994 4433
9997 3182
9997 5158
9998 4672
-1
