100
37 5551
95 9040
223 5627
259 3205
499 326
767 4162
807 9948
819 2050
833 4871
889 9745
1137 8156
1305 9347
1457 4327
1460 9124
1507 7154
1513 2080
1578 387
1653 7866
1780 536
1827 3108
1868 7408
2036 1550
2047 6085
2106 3729
2317 6522
2427 9574
2437 1532
2682 9385
2695 2349
2860 6910
2880 7689
3014 3300
3201 3892
3207 1416
3436 9347
3464 4977
3474 5280
3707 1010
3729 879
3974 3974
4043 4497
4173 6036
4236 3138
4264 9883
4345 3204
4415 9692
4578 6988
4586 7206
4588 4558
4739 6431
4779 1951
4985 7144
5025 8210
5087 2688
5115 7505
5117 1713
5380 3824
5504 3900
5572 4739
5694 4199
5811 5586
5815 9631
5818 3795
5983 5427
6039 7243
6168 7961
6260 3663
6544 82
6703 2473
6733 8928
6848 804
7191 1212
7297 1115
7637 9419
7680 4796
7701 1910
7877 6046
8235 790
8268 9959
8469 48
8479 9615
8490 4270
8837 1996
9024 9948
9282 246
9367 1853
9442 949
9514 3576
9553 8710
9673 963
9673 4851
9675 9639
9727 4155
9740 4838
9829 6454
9842 3138
9854 2224
9917 1790
9919 9644
9952 2049
-1
